5.504587155963303681e-05
4.892966360856269186e-05
6.727828746177369284e-05
6.727828746177369284e-05
7.951070336391438274e-05
4.892966360856269186e-05
1.284403669724770475e-04
9.174311926605504554e-05
1.345565749235473857e-04
9.785932721712538372e-05
1.590214067278287655e-04
1.284403669724770746e-04
1.529051987767584273e-04
1.773700305810397529e-04
2.079510703363914438e-04
2.201834862385321473e-04
2.629969418960244874e-04
2.324159021406728236e-04
2.568807339449541492e-04
3.792048929663608585e-04
3.853211009174311967e-04
2.996941896024465164e-04
3.730886850152905203e-04
4.587155963302753090e-04
4.220183486238532258e-04
3.975535168195718731e-04
6.177370030581040474e-04
6.116207951070337092e-04
6.299694189602447238e-04
7.278287461773701346e-04
7.339449541284404728e-04
8.929663608562692654e-04
8.746177370030582508e-04
8.685015290519879127e-04
1.058103975535168179e-03
1.113149847094801114e-03
1.180428134556574943e-03
1.314984709480122383e-03
1.498470948012232528e-03
1.529051987767584110e-03
1.737003058103975825e-03
1.908256880733945294e-03
1.608562691131498615e-03
2.012232415902140935e-03
2.220183486238532216e-03
2.458715596330275296e-03
2.146788990825688158e-03
2.532110091743119355e-03
2.801223241590214668e-03
2.960244648318043244e-03
2.850152905198776940e-03
