6.727828746177369284e-05
4.281345565749235368e-05
1.162079510703364118e-04
9.785932721712538372e-05
1.223241590214067364e-04
1.957186544342507674e-04
1.529051987767584273e-04
1.345565749235473857e-04
1.773700305810397529e-04
1.957186544342507674e-04
1.345565749235473857e-04
1.651376146788990766e-04
1.896024464831804293e-04
2.568807339449540950e-04
2.568807339449542034e-04
2.752293577981651095e-04
2.629969418960244874e-04
3.180428134556575310e-04
3.669724770642202364e-04
5.076452599388379602e-04
4.281345565749235639e-04
3.730886850152905746e-04
4.525993883792049709e-04
5.504587155963302190e-04
5.749235474006115718e-04
6.299694189602447238e-04
6.666666666666667528e-04
8.195718654434250988e-04
7.400611620795108109e-04
7.339449541284404728e-04
7.828746177370030698e-04
1.064220183486238626e-03
1.009174311926605474e-03
1.302752293577981706e-03
1.333333333333333289e-03
1.296636085626911477e-03
1.314984709480122383e-03
1.363914373088685088e-03
1.577981651376146816e-03
1.547400611620795017e-03
1.681957186544342673e-03
1.804281345565749437e-03
1.889908256880734171e-03
2.159021406727829485e-03
2.262996941896024908e-03
2.354740061162079439e-03
2.428134556574923497e-03
2.678899082568807471e-03
2.709480122324158836e-03
2.795107033639144221e-03
3.051987767584098208e-03
