2.051282051282051280e-03
2.074592074592074807e-03
2.237762237762238194e-03
2.292152292152292367e-03
2.152292152292152507e-03
2.463092463092462873e-03
2.509712509712509927e-03
2.595182595182595180e-03
2.587412587412587627e-03
2.952602952602952167e-03
2.447552447552447333e-03
2.711732711732711947e-03
2.634032634032634681e-03
2.657342657342657340e-03
2.999222999222999654e-03
2.999222999222999654e-03
2.999222999222999654e-03
3.278943278943278940e-03
3.310023310023310888e-03
3.543123543123543554e-03
3.667443667443667007e-03
3.690753690753691401e-03
3.659673659673659887e-03
3.690753690753691401e-03
3.939393939393940475e-03
3.916083916083916081e-03
4.467754467754467967e-03
4.032634032634032847e-03
4.203574203574204221e-03
4.180264180264179827e-03
4.335664335664336094e-03
4.918414918414919929e-03
4.514374514374514154e-03
4.996114996114996328e-03
4.933954933954935035e-03
4.724164724164725028e-03
5.081585081585082014e-03
5.128205128205129935e-03
5.516705516705518002e-03
5.540015540015539794e-03
5.563325563325563321e-03
5.322455322455323101e-03
5.982905982905982467e-03
6.130536130536131181e-03
6.472416472416472194e-03
6.262626262626263055e-03
6.231546231546231107e-03
6.993006993006993868e-03
6.534576534576535221e-03
6.713286713286714148e-03
6.884226884226883787e-03
