2.307328605200945331e-03
2.290780141843971104e-03
2.365248226950354693e-03
2.442080378250591124e-03
2.411347517730496378e-03
2.423167848699763621e-03
2.421985815602837201e-03
2.578014184397163337e-03
2.485815602836879100e-03
2.523640661938534105e-03
2.491725768321512938e-03
2.606382978723403940e-03
2.615839243498817909e-03
2.527186761229314668e-03
2.644208037825059379e-03
2.721040189125295810e-03
2.690307328605201064e-03
2.666666666666666578e-03
2.752955082742316543e-03
2.748226950354609559e-03
2.687943262411347355e-03
2.752955082742316543e-03
2.800236406619385082e-03
2.791962174940898836e-03
2.865248226950353836e-03
2.944444444444443976e-03
2.838061465721040087e-03
2.943262411347517989e-03
2.958628841607565362e-03
3.016548463356973856e-03
2.921985815602837211e-03
2.970449172576832171e-03
3.086288416075650461e-03
3.107565011820331239e-03
2.963356973995271912e-03
3.189125295508274220e-03
3.147754137115839953e-03
3.160756501182033617e-03
3.326241134751773288e-03
3.348699763593380486e-03
3.263593380614657809e-03
3.333333333333333114e-03
3.310874704491725481e-03
3.354609929078013891e-03
3.442080378250590711e-03
3.425531914893616917e-03
3.475177304964538732e-03
3.330969267139479838e-03
3.361702127659574151e-03
3.557919621749409435e-03
3.562647754137115551e-03
