2.776223776223776200e-03
3.097902097902098355e-03
2.517482517482518348e-03
2.895104895104895493e-03
2.965034965034965206e-03
3.020979020979021497e-03
3.027972027972027774e-03
3.034965034965034919e-03
3.426573426573426354e-03
3.377622377622377641e-03
3.216783216783216780e-03
3.265734265734265927e-03
3.594405594405594359e-03
3.370629370629370930e-03
3.720279720279720363e-03
3.790209790209790510e-03
3.650349650349650650e-03
4.055944055944056374e-03
3.594405594405594359e-03
3.958041958041958082e-03
4.167832167832168089e-03
4.307692307692308382e-03
4.244755244755244947e-03
4.601398601398602392e-03
4.678321678321678383e-03
4.447552447552447809e-03
4.783216783216784687e-03
4.692307692307692672e-03
4.902097902097902679e-03
4.811188811188811532e-03
4.881118881118880377e-03
4.979020979020978670e-03
5.097902097902097529e-03
4.951048951048950958e-03
5.643356643356642680e-03
5.615384615384615835e-03
5.370629370629370972e-03
5.412587412587412973e-03
5.370629370629370972e-03
5.713286713286713260e-03
5.902097902097902700e-03
6.300699300699301279e-03
6.265734265734266423e-03
6.279720279720279845e-03
6.209790209790210132e-03
6.538461538461538998e-03
6.356643356643356703e-03
6.846153846153846430e-03
7.118881118881120740e-03
6.720279720279720426e-03
6.671328671328672147e-03
