5.555944055944056839e-03
6.118881118881118984e-03
5.828671328671328547e-03
5.853146853146852686e-03
5.940559440559441129e-03
6.027972027972028704e-03
5.692307692307692693e-03
5.720279720279720405e-03
6.013986013986014414e-03
6.146853146853146696e-03
5.986013986013986703e-03
5.989510489510489408e-03
5.982517482517483130e-03
6.111888111888112707e-03
6.216783216783217277e-03
5.986013986013986703e-03
6.020979020979020692e-03
6.346153846153846853e-03
6.241258741258741416e-03
6.136363636363637714e-03
6.171328671328671703e-03
6.111888111888112707e-03
6.255244755244755706e-03
6.458041958041958568e-03
6.489510489510490719e-03
6.409090909090909421e-03
6.475524475524475562e-03
6.153846153846154708e-03
6.653846153846154285e-03
6.636363636363636423e-03
6.625874125874125706e-03
6.286713286713286990e-03
6.657342657342657857e-03
6.496503496503496997e-03
6.821678321678323158e-03
6.580419580419580999e-03
6.618881118881119428e-03
6.779720279720280289e-03
7.108391608391610023e-03
6.587412587412588144e-03
6.898601398601399148e-03
6.916083916083917010e-03
7.003496503496503718e-03
6.702797202797203431e-03
7.062937062937062714e-03
6.548951048951049715e-03
6.986013986013986724e-03
6.944055944055944722e-03
7.069930069930070726e-03
6.958041958041959012e-03
7.129370629370631457e-03
