3.743104806934594692e-04
2.955082742316785340e-04
2.561071710007880664e-04
4.334121355397950893e-04
4.531126871552404044e-04
4.334121355397950893e-04
3.940110323089046759e-04
4.137115839243498826e-04
3.940110323089046759e-04
3.743104806934594692e-04
5.910165484633568512e-04
7.092198581560284166e-04
5.122143420015761329e-04
5.713159968479118072e-04
5.910165484633569596e-04
7.880220646178093518e-04
6.107171000788023290e-04
7.880220646178093518e-04
7.289204097714736775e-04
8.274231678486997652e-04
8.865248226950354395e-04
1.004728132387706788e-03
8.471237194641449177e-04
1.083530338849488048e-03
1.379038613081166528e-03
9.850275807722615271e-04
1.063829787234042571e-03
1.241134751773049919e-03
1.871552403467297183e-03
1.497241922773837660e-03
1.497241922773837660e-03
1.398739164696611572e-03
1.832151300236406878e-03
1.280535855003940224e-03
1.713947990543735313e-03
2.285263987391646361e-03
2.226162332545311012e-03
1.812450748620961401e-03
2.659574468085106318e-03
2.088258471237195053e-03
2.600472813238770969e-03
2.423167848699764055e-03
2.777777777777778317e-03
2.777777777777777884e-03
2.817178881008668406e-03
2.836879432624113666e-03
3.132387706855791713e-03
3.349093774625690016e-03
3.427895981087470626e-03
3.782505910165484889e-03
3.565799842395587452e-03
