1.753546099290780383e-03
1.787234042553191397e-03
1.898936170212766348e-03
1.909574468085106303e-03
1.907801418439716455e-03
1.916666666666666562e-03
1.824468085106383192e-03
1.971631205673759005e-03
1.929078014184397232e-03
2.120567375886525316e-03
2.019503546099290971e-03
1.953900709219858357e-03
2.081560283687943023e-03
2.104609929078014516e-03
2.113475177304964623e-03
2.164893617021276719e-03
2.182624113475177367e-03
2.308510638297872619e-03
2.202127659574467863e-03
2.391843971631205882e-03
2.365248226950354693e-03
2.395390070921985578e-03
2.434397163120567871e-03
2.445035460992907826e-03
2.556737588652482560e-03
2.592198581560283856e-03
2.531914893617021219e-03
2.578014184397163337e-03
2.631205673758865281e-03
2.698581560283688178e-03
2.617021276595745197e-03
2.735815602836879756e-03
2.748226950354609992e-03
2.886524822695035481e-03
2.980496453900709133e-03
2.882978723404254918e-03
2.891843971631205892e-03
3.035460992907801792e-03
3.124113475177305033e-03
3.047872340425532029e-03
3.070921985815602655e-03
3.044326241134751899e-03
3.200354609929078470e-03
3.163120567375886025e-03
3.219858156028368966e-03
3.235815602836879766e-03
3.398936170212766162e-03
3.549645390070921454e-03
3.563829787234041972e-03
3.459219858156028365e-03
3.539007092198581499e-03
