4.587155963302752955e-05
4.587155963302752955e-05
3.058103975535168411e-05
3.058103975535168411e-05
4.587155963302752955e-05
3.822629969418960683e-05
6.880733944954129093e-05
1.146788990825687866e-04
9.938837920489298182e-05
1.146788990825688137e-04
8.409785932721713638e-05
1.070336391437308910e-04
1.529051987767584002e-04
1.529051987767584273e-04
1.911314984709480409e-04
1.605504587155963500e-04
2.064220183486238592e-04
2.752293577981652179e-04
2.446483180428134729e-04
2.905198776758410092e-04
3.211009174311927001e-04
3.593272171253822323e-04
3.975535168195719273e-04
4.128440366972477185e-04
4.892966360856268373e-04
4.204892966360856683e-04
4.969418960244648955e-04
6.116207951070338177e-04
5.733944954128440685e-04
6.880733944954126654e-04
7.721712538226301135e-04
9.174311926605505096e-04
6.345565749235475587e-04
1.123853211009174288e-03
8.868501529051989272e-04
9.250764525993883510e-04
1.131498470948012021e-03
1.207951070336391736e-03
1.574923547400612026e-03
1.314984709480122383e-03
1.475535168195718895e-03
1.773700305810397854e-03
1.773700305810397421e-03
2.010703363914373432e-03
1.865443425076452819e-03
2.301223241590214224e-03
2.094801223241590446e-03
2.500000000000000052e-03
2.675840978593272031e-03
2.698776758409785446e-03
2.821100917431192644e-03
