0.000000000000000000e+00
0.000000000000000000e+00
0.000000000000000000e+00
0.000000000000000000e+00
0.000000000000000000e+00
0.000000000000000000e+00
0.000000000000000000e+00
0.000000000000000000e+00
0.000000000000000000e+00
0.000000000000000000e+00
0.000000000000000000e+00
0.000000000000000000e+00
0.000000000000000000e+00
0.000000000000000000e+00
0.000000000000000000e+00
0.000000000000000000e+00
0.000000000000000000e+00
0.000000000000000000e+00
0.000000000000000000e+00
0.000000000000000000e+00
0.000000000000000000e+00
0.000000000000000000e+00
0.000000000000000000e+00
0.000000000000000000e+00
0.000000000000000000e+00
0.000000000000000000e+00
0.000000000000000000e+00
0.000000000000000000e+00
0.000000000000000000e+00
0.000000000000000000e+00
0.000000000000000000e+00
0.000000000000000000e+00
0.000000000000000000e+00
0.000000000000000000e+00
0.000000000000000000e+00
0.000000000000000000e+00
0.000000000000000000e+00
0.000000000000000000e+00
0.000000000000000000e+00
0.000000000000000000e+00
0.000000000000000000e+00
0.000000000000000000e+00
0.000000000000000000e+00
0.000000000000000000e+00
0.000000000000000000e+00
0.000000000000000000e+00
0.000000000000000000e+00
0.000000000000000000e+00
0.000000000000000000e+00
0.000000000000000000e+00
0.000000000000000000e+00
0.000000000000000000e+00
0.000000000000000000e+00
0.000000000000000000e+00
0.000000000000000000e+00
0.000000000000000000e+00
0.000000000000000000e+00
0.000000000000000000e+00
0.000000000000000000e+00
0.000000000000000000e+00
0.000000000000000000e+00
0.000000000000000000e+00
0.000000000000000000e+00
0.000000000000000000e+00
0.000000000000000000e+00
0.000000000000000000e+00
0.000000000000000000e+00
0.000000000000000000e+00
0.000000000000000000e+00
0.000000000000000000e+00
0.000000000000000000e+00
0.000000000000000000e+00
0.000000000000000000e+00
0.000000000000000000e+00
0.000000000000000000e+00
0.000000000000000000e+00
0.000000000000000000e+00
0.000000000000000000e+00
0.000000000000000000e+00
0.000000000000000000e+00
0.000000000000000000e+00
0.000000000000000000e+00
0.000000000000000000e+00
0.000000000000000000e+00
0.000000000000000000e+00
0.000000000000000000e+00
0.000000000000000000e+00
0.000000000000000000e+00
0.000000000000000000e+00
0.000000000000000000e+00
0.000000000000000000e+00
0.000000000000000000e+00
0.000000000000000000e+00
0.000000000000000000e+00
0.000000000000000000e+00
0.000000000000000000e+00
0.000000000000000000e+00
3.333333333333333222e-04
0.000000000000000000e+00
1.666666666666666774e-03
1.299999999999999940e-02
1.400000000000000029e-02
2.500000000000000139e-02
3.133333333333333109e-02
4.133333333333333304e-02
5.099999999999999672e-02
5.466666666666666896e-02
6.266666666666666219e-02
6.700000000000000400e-02
8.866666666666667140e-02
8.500000000000000611e-02
9.166666666666666019e-02
1.133333333333333276e-01
1.140000000000000041e-01
1.179999999999999938e-01
1.203333333333333338e-01
1.286666666666666792e-01
1.393333333333333368e-01
1.356666666666666576e-01
1.469999999999999918e-01
1.526666666666666727e-01
1.543333333333333224e-01
1.706666666666666610e-01
1.736666666666666636e-01
1.883333333333333248e-01
1.819999999999999951e-01
1.913333333333333275e-01
1.960000000000000075e-01
1.963333333333333319e-01
1.906666666666666787e-01
2.076666666666666661e-01
2.153333333333333210e-01
2.159999999999999976e-01
2.270000000000000073e-01
2.310000000000000109e-01
2.423333333333333450e-01
2.230000000000000038e-01
2.486666666666666747e-01
2.483333333333333226e-01
2.373333333333333406e-01
2.550000000000000044e-01
2.646666666666666612e-01
2.686666666666666647e-01
2.710000000000000187e-01
2.666666666666666630e-01
2.723333333333333162e-01
2.936666666666666869e-01
2.816666666666666763e-01
2.943333333333333357e-01
2.903333333333333321e-01
3.029999999999999916e-01
3.026666666666666394e-01
2.973333333333333384e-01
3.130000000000000004e-01
3.133333333333333526e-01
3.213333333333333597e-01
3.220000000000000084e-01
3.136666666666666492e-01
3.256666666666666599e-01
3.360000000000000209e-01
3.203333333333333588e-01
3.383333333333333193e-01
3.340000000000000191e-01
3.466666666666666785e-01
3.476666666666666794e-01
3.619999999999999885e-01
3.569999999999999840e-01
3.713333333333333486e-01
3.603333333333333388e-01
3.683333333333333459e-01
3.706666666666666443e-01
3.790000000000000036e-01
3.553333333333333344e-01
3.739999999999999991e-01
3.936666666666666647e-01
3.906666666666666621e-01
3.856666666666666576e-01
3.830000000000000071e-01
4.079999999999999738e-01
4.056666666666666754e-01
3.956666666666666665e-01
3.950000000000000178e-01
4.149999999999999800e-01
4.003333333333333188e-01
4.083333333333333259e-01
4.126666666666666816e-01
4.040000000000000258e-01
4.223333333333333384e-01
4.259999999999999898e-01
4.159999999999999809e-01
4.313333333333333464e-01
4.139999999999999791e-01
4.513333333333333086e-01
4.343333333333333490e-01
4.323333333333333472e-01
4.313333333333333464e-01
4.229999999999999871e-01
4.516666666666666607e-01
4.506666666666666599e-01
4.676666666666666750e-01
4.493333333333333068e-01
4.540000000000000147e-01
4.613333333333333175e-01
4.603333333333333166e-01
4.590000000000000191e-01
4.693333333333333246e-01
4.719999999999999751e-01
4.756666666666666821e-01
4.653333333333333210e-01
4.886666666666666936e-01
4.749999999999999778e-01
4.706666666666666776e-01
4.660000000000000253e-01
4.856666666666666909e-01
4.796666666666666856e-01
4.823333333333333361e-01
4.996666666666666479e-01
4.759999999999999787e-01
4.749999999999999778e-01
4.909999999999999920e-01
4.919999999999999929e-01
4.829999999999999849e-01
4.913333333333333441e-01
4.923333333333333450e-01
4.883333333333333415e-01
4.936666666666666425e-01
5.146666666666667167e-01
4.986666666666666470e-01
4.873333333333333406e-01
5.073333333333333028e-01
5.070000000000000062e-01
5.100000000000000089e-01
5.130000000000000115e-01
5.033333333333332993e-01
5.300000000000000266e-01
5.016666666666667052e-01
5.090000000000000080e-01
5.326666666666666217e-01
5.136666666666667158e-01
5.220000000000000195e-01
5.336666666666666226e-01
5.286666666666666181e-01
5.350000000000000311e-01
5.276666666666666172e-01
5.410000000000000364e-01
5.356666666666666243e-01
5.343333333333333268e-01
5.380000000000000338e-01
5.446666666666666323e-01
5.400000000000000355e-01
5.390000000000000346e-01
5.456666666666666332e-01
5.463333333333333375e-01
5.483333333333333393e-01
5.626666666666666483e-01
5.456666666666666332e-01
5.646666666666666501e-01
5.546666666666666412e-01
5.626666666666666483e-01
5.600000000000000533e-01
5.600000000000000533e-01
5.603333333333333499e-01
5.733333333333333615e-01
5.796666666666666634e-01
5.693333333333333579e-01
5.759999999999999565e-01
5.833333333333333703e-01
5.739999999999999547e-01
5.813333333333333686e-01
5.716666666666666563e-01
5.699999999999999512e-01
5.869999999999999662e-01
5.779999999999999583e-01
5.779999999999999583e-01
5.963333333333333819e-01
5.836666666666666670e-01
5.803333333333333677e-01
5.966666666666666785e-01
5.763333333333333641e-01
5.916666666666666741e-01
5.869999999999999662e-01
5.793333333333333668e-01
5.843333333333333712e-01
6.009999999999999787e-01
6.006666666666666821e-01
5.846666666666666679e-01
6.069999999999999840e-01
6.076666666666666883e-01
5.946666666666666767e-01
6.219999999999999973e-01
6.006666666666666821e-01
5.993333333333333846e-01
5.909999999999999698e-01
6.019999999999999796e-01
5.906666666666666732e-01
5.983333333333333837e-01
6.126666666666666927e-01
6.003333333333333854e-01
6.073333333333332806e-01
