0.000000000000000000e+00
0.000000000000000000e+00
0.000000000000000000e+00
0.000000000000000000e+00
0.000000000000000000e+00
3.333333333333333222e-04
0.000000000000000000e+00
3.333333333333333222e-04
0.000000000000000000e+00
1.333333333333333289e-03
0.000000000000000000e+00
3.333333333333333222e-04
0.000000000000000000e+00
3.333333333333333222e-04
3.333333333333333222e-04
3.333333333333333222e-04
1.333333333333333289e-03
1.666666666666666774e-03
1.333333333333333289e-03
6.666666666666666444e-04
1.000000000000000021e-03
1.333333333333333289e-03
6.666666666666666444e-04
3.333333333333333547e-03
1.333333333333333289e-03
2.666666666666666578e-03
3.000000000000000062e-03
2.000000000000000042e-03
2.666666666666666578e-03
3.666666666666666598e-03
4.333333333333333134e-03
3.000000000000000062e-03
4.333333333333333134e-03
3.000000000000000062e-03
4.000000000000000083e-03
4.000000000000000083e-03
6.666666666666667095e-03
6.333333333333333176e-03
6.000000000000000125e-03
7.000000000000000146e-03
4.333333333333333134e-03
1.000000000000000021e-02
9.333333333333334106e-03
8.000000000000000167e-03
6.000000000000000125e-03
6.333333333333333176e-03
1.033333333333333326e-02
1.000000000000000021e-02
9.666666666666667157e-03
1.133333333333333415e-02
1.400000000000000029e-02
1.266666666666666635e-02
7.666666666666666248e-03
1.433333333333333334e-02
1.266666666666666635e-02
1.233333333333333330e-02
1.266666666666666635e-02
1.133333333333333415e-02
1.200000000000000025e-02
1.733333333333333254e-02
1.466666666666666639e-02
1.600000000000000033e-02
1.933333333333333431e-02
1.766666666666666732e-02
1.666666666666666644e-02
2.066666666666666652e-02
2.100000000000000130e-02
1.766666666666666732e-02
2.299999999999999961e-02
1.966666666666666563e-02
2.233333333333333351e-02
2.266666666666666829e-02
2.466666666666666660e-02
1.899999999999999953e-02
2.533333333333333270e-02
2.500000000000000139e-02
2.166666666666666741e-02
2.400000000000000050e-02
3.099999999999999978e-02
1.899999999999999953e-02
2.800000000000000058e-02
2.966666666666666757e-02
2.400000000000000050e-02
2.666666666666666838e-02
3.333333333333333287e-02
2.566666666666666749e-02
3.466666666666666508e-02
3.266666666666666330e-02
3.666666666666666685e-02
3.066666666666666499e-02
3.266666666666666330e-02
3.433333333333333376e-02
3.500000000000000333e-02
3.899999999999999994e-02
4.066666666666666347e-02
3.933333333333333126e-02
3.433333333333333376e-02
3.633333333333333554e-02
3.533333333333333465e-02
4.100000000000000172e-02
3.300000000000000155e-02
4.299999999999999656e-02
4.333333333333333481e-02
4.633333333333333054e-02
4.766666666666666968e-02
4.700000000000000011e-02
3.866666666666666863e-02
4.433333333333333570e-02
4.800000000000000100e-02
4.433333333333333570e-02
5.000000000000000278e-02
5.000000000000000278e-02
5.133333333333333498e-02
4.866666666666666363e-02
4.033333333333333215e-02
4.866666666666666363e-02
5.166666666666666630e-02
5.166666666666666630e-02
5.000000000000000278e-02
5.299999999999999850e-02
5.033333333333333409e-02
5.399999999999999939e-02
5.733333333333333337e-02
5.800000000000000294e-02
6.199999999999999956e-02
5.500000000000000028e-02
6.133333333333332998e-02
5.199999999999999761e-02
5.500000000000000028e-02
6.966666666666666841e-02
6.033333333333333603e-02
5.766666666666666469e-02
5.999999999999999778e-02
5.999999999999999778e-02
7.233333333333333282e-02
5.633333333333333248e-02
6.199999999999999956e-02
6.366666666666666308e-02
6.566666666666666485e-02
6.966666666666666841e-02
7.399999999999999634e-02
6.900000000000000577e-02
7.499999999999999722e-02
6.666666666666666574e-02
6.766666666666666663e-02
7.833333333333333814e-02
6.833333333333332926e-02
7.599999999999999811e-02
7.433333333333333459e-02
7.166666666666667018e-02
7.833333333333333814e-02
7.699999999999999900e-02
7.566666666666665986e-02
7.699999999999999900e-02
7.266666666666667107e-02
8.200000000000000344e-02
8.566666666666666874e-02
8.000000000000000167e-02
8.300000000000000433e-02
8.200000000000000344e-02
8.533333333333333048e-02
7.933333333333333903e-02
8.066666666666666430e-02
8.833333333333333315e-02
8.533333333333333048e-02
8.699999999999999400e-02
9.266666666666666108e-02
9.299999999999999933e-02
9.900000000000000466e-02
8.699999999999999400e-02
9.299999999999999933e-02
9.099999999999999756e-02
9.566666666666666374e-02
8.033333333333333992e-02
8.966666666666667229e-02
9.466666666666666285e-02
9.466666666666666285e-02
1.016666666666666691e-01
9.133333333333333581e-02
9.099999999999999756e-02
9.566666666666666374e-02
9.433333333333333848e-02
9.433333333333333848e-02
1.036666666666666708e-01
9.566666666666666374e-02
1.006666666666666682e-01
1.136666666666666659e-01
9.466666666666666285e-02
1.143333333333333285e-01
1.103333333333333388e-01
9.766666666666666552e-02
1.043333333333333335e-01
1.016666666666666691e-01
1.116666666666666641e-01
1.199999999999999956e-01
1.183333333333333320e-01
1.160000000000000059e-01
1.213333333333333347e-01
1.140000000000000041e-01
1.120000000000000023e-01
1.126666666666666650e-01
1.166666666666666685e-01
1.203333333333333338e-01
1.243333333333333374e-01
1.203333333333333338e-01
1.116666666666666641e-01
1.130000000000000032e-01
1.229999999999999982e-01
1.196666666666666712e-01
1.186666666666666703e-01
1.246666666666666617e-01
1.320000000000000062e-01
1.209999999999999964e-01
1.286666666666666792e-01
1.283333333333333270e-01
1.103333333333333388e-01
1.333333333333333315e-01
1.300000000000000044e-01
1.256666666666666765e-01
1.336666666666666559e-01
1.380000000000000115e-01
1.313333333333333297e-01
1.333333333333333315e-01
1.283333333333333270e-01
1.323333333333333306e-01
1.306666666666666532e-01
1.326666666666666550e-01
1.216666666666666730e-01
1.296666666666666801e-01
1.300000000000000044e-01
1.386666666666666603e-01
1.340000000000000080e-01
1.503333333333333466e-01
1.343333333333333324e-01
1.376666666666666594e-01
1.426666666666666639e-01
1.403333333333333377e-01
1.463333333333333430e-01
1.433333333333333404e-01
1.400000000000000133e-01
1.459999999999999909e-01
1.443333333333333413e-01
1.446666666666666656e-01
1.343333333333333324e-01
1.466666666666666674e-01
1.449999999999999900e-01
1.449999999999999900e-01
1.469999999999999918e-01
1.483333333333333448e-01
1.513333333333333197e-01
1.456666666666666665e-01
1.509999999999999953e-01
1.426666666666666639e-01
1.463333333333333430e-01
1.499999999999999944e-01
1.503333333333333466e-01
1.570000000000000007e-01
1.543333333333333224e-01
1.636666666666666548e-01
1.680000000000000104e-01
1.546666666666666745e-01
1.643333333333333313e-01
1.746666666666666645e-01
1.519999999999999962e-01
1.519999999999999962e-01
1.563333333333333242e-01
1.613333333333333286e-01
1.610000000000000042e-01
1.556666666666666754e-01
1.650000000000000078e-01
1.676666666666666583e-01
1.549999999999999989e-01
1.710000000000000131e-01
1.779999999999999916e-01
1.596666666666666790e-01
1.729999999999999871e-01
1.593333333333333268e-01
1.683333333333333348e-01
1.759999999999999898e-01
1.769999999999999907e-01
1.593333333333333268e-01
1.696666666666666601e-01
1.786666666666666681e-01
1.809999999999999942e-01
1.763333333333333419e-01
1.743333333333333401e-01
1.849999999999999978e-01
1.843333333333333213e-01
1.849999999999999978e-01
1.846666666666666734e-01
1.680000000000000104e-01
1.846666666666666734e-01
1.766666666666666663e-01
1.816666666666666707e-01
1.763333333333333419e-01
1.773333333333333428e-01
1.826666666666666716e-01
1.863333333333333230e-01
1.793333333333333446e-01
