0.000000000000000000e+00
0.000000000000000000e+00
0.000000000000000000e+00
0.000000000000000000e+00
0.000000000000000000e+00
0.000000000000000000e+00
0.000000000000000000e+00
0.000000000000000000e+00
0.000000000000000000e+00
0.000000000000000000e+00
0.000000000000000000e+00
0.000000000000000000e+00
0.000000000000000000e+00
0.000000000000000000e+00
0.000000000000000000e+00
0.000000000000000000e+00
0.000000000000000000e+00
0.000000000000000000e+00
0.000000000000000000e+00
0.000000000000000000e+00
0.000000000000000000e+00
0.000000000000000000e+00
0.000000000000000000e+00
0.000000000000000000e+00
0.000000000000000000e+00
0.000000000000000000e+00
0.000000000000000000e+00
0.000000000000000000e+00
0.000000000000000000e+00
0.000000000000000000e+00
0.000000000000000000e+00
0.000000000000000000e+00
0.000000000000000000e+00
0.000000000000000000e+00
0.000000000000000000e+00
0.000000000000000000e+00
0.000000000000000000e+00
0.000000000000000000e+00
0.000000000000000000e+00
0.000000000000000000e+00
0.000000000000000000e+00
0.000000000000000000e+00
0.000000000000000000e+00
0.000000000000000000e+00
0.000000000000000000e+00
0.000000000000000000e+00
0.000000000000000000e+00
0.000000000000000000e+00
0.000000000000000000e+00
0.000000000000000000e+00
0.000000000000000000e+00
0.000000000000000000e+00
0.000000000000000000e+00
0.000000000000000000e+00
0.000000000000000000e+00
0.000000000000000000e+00
0.000000000000000000e+00
0.000000000000000000e+00
0.000000000000000000e+00
0.000000000000000000e+00
0.000000000000000000e+00
0.000000000000000000e+00
0.000000000000000000e+00
0.000000000000000000e+00
0.000000000000000000e+00
0.000000000000000000e+00
0.000000000000000000e+00
0.000000000000000000e+00
0.000000000000000000e+00
0.000000000000000000e+00
0.000000000000000000e+00
0.000000000000000000e+00
6.666666666666666444e-04
0.000000000000000000e+00
3.333333333333333222e-04
0.000000000000000000e+00
3.333333333333333222e-04
0.000000000000000000e+00
6.666666666666666444e-04
0.000000000000000000e+00
0.000000000000000000e+00
3.333333333333333222e-04
1.000000000000000021e-03
1.000000000000000021e-03
1.333333333333333289e-03
1.666666666666666774e-03
2.000000000000000042e-03
2.333333333333333526e-03
2.000000000000000042e-03
2.000000000000000042e-03
2.000000000000000042e-03
2.000000000000000042e-03
4.000000000000000083e-03
4.000000000000000083e-03
4.666666666666667053e-03
5.000000000000000104e-03
4.000000000000000083e-03
3.666666666666666598e-03
5.000000000000000104e-03
6.666666666666667095e-03
7.000000000000000146e-03
8.666666666666666269e-03
7.000000000000000146e-03
7.666666666666666248e-03
1.133333333333333415e-02
1.033333333333333326e-02
1.499999999999999944e-02
1.433333333333333334e-02
1.200000000000000025e-02
1.899999999999999953e-02
1.266666666666666635e-02
2.066666666666666652e-02
2.199999999999999872e-02
1.966666666666666563e-02
2.833333333333333190e-02
1.966666666666666563e-02
2.166666666666666741e-02
2.266666666666666829e-02
2.166666666666666741e-02
2.533333333333333270e-02
2.500000000000000139e-02
3.133333333333333109e-02
3.066666666666666499e-02
3.500000000000000333e-02
3.366666666666666419e-02
4.466666666666666702e-02
3.899999999999999994e-02
3.766666666666666774e-02
3.799999999999999906e-02
4.499999999999999833e-02
4.399999999999999745e-02
4.766666666666666968e-02
5.166666666666666630e-02
5.399999999999999939e-02
5.600000000000000117e-02
5.233333333333333587e-02
4.900000000000000189e-02
5.866666666666666557e-02
5.666666666666666380e-02
6.066666666666666735e-02
6.199999999999999956e-02
5.733333333333333337e-02
6.966666666666666841e-02
7.099999999999999367e-02
7.199999999999999456e-02
7.566666666666665986e-02
9.299999999999999933e-02
7.399999999999999634e-02
8.166666666666666519e-02
8.433333333333332960e-02
9.866666666666666641e-02
8.766666666666667052e-02
9.333333333333333759e-02
9.600000000000000200e-02
8.966666666666667229e-02
9.600000000000000200e-02
9.600000000000000200e-02
1.026666666666666700e-01
1.083333333333333370e-01
9.800000000000000377e-02
1.083333333333333370e-01
1.216666666666666730e-01
1.173333333333333311e-01
1.239999999999999991e-01
1.130000000000000032e-01
1.079999999999999988e-01
1.256666666666666765e-01
1.250000000000000000e-01
1.213333333333333347e-01
1.280000000000000027e-01
1.326666666666666550e-01
1.390000000000000124e-01
1.436666666666666647e-01
1.453333333333333421e-01
1.330000000000000071e-01
1.396666666666666612e-01
1.330000000000000071e-01
1.419999999999999873e-01
1.533333333333333215e-01
1.533333333333333215e-01
1.566666666666666763e-01
1.453333333333333421e-01
1.586666666666666781e-01
1.583333333333333259e-01
1.636666666666666548e-01
1.603333333333333277e-01
1.703333333333333366e-01
1.693333333333333357e-01
1.733333333333333393e-01
1.773333333333333428e-01
1.769999999999999907e-01
1.883333333333333248e-01
1.786666666666666681e-01
1.853333333333333222e-01
1.796666666666666690e-01
1.880000000000000004e-01
1.796666666666666690e-01
1.866666666666666752e-01
1.823333333333333195e-01
1.903333333333333266e-01
1.996666666666666590e-01
1.883333333333333248e-01
2.113333333333333452e-01
1.993333333333333346e-01
2.059999999999999887e-01
2.039999999999999869e-01
1.993333333333333346e-01
2.059999999999999887e-01
2.033333333333333381e-01
2.163333333333333219e-01
2.126666666666666705e-01
2.253333333333333299e-01
2.193333333333333246e-01
2.349999999999999867e-01
2.300000000000000100e-01
2.183333333333333237e-01
2.313333333333333353e-01
2.243333333333333290e-01
2.336666666666666614e-01
2.273333333333333317e-01
2.333333333333333370e-01
2.513333333333333530e-01
2.270000000000000073e-01
2.343333333333333379e-01
2.483333333333333226e-01
2.353333333333333388e-01
2.340000000000000135e-01
2.393333333333333424e-01
2.500000000000000000e-01
2.500000000000000000e-01
2.540000000000000036e-01
2.506666666666666488e-01
2.570000000000000062e-01
2.586666666666666559e-01
2.556666666666666532e-01
2.466666666666666730e-01
2.533333333333333548e-01
2.673333333333333117e-01
2.796666666666666745e-01
2.666666666666666630e-01
2.696666666666666656e-01
2.726666666666666683e-01
2.653333333333333099e-01
2.653333333333333099e-01
2.686666666666666647e-01
2.866666666666666807e-01
2.923333333333333339e-01
2.630000000000000115e-01
2.813333333333333242e-01
2.826666666666666772e-01
3.003333333333333410e-01
2.819999999999999729e-01
2.853333333333333277e-01
2.923333333333333339e-01
2.876666666666666816e-01
2.919999999999999818e-01
2.790000000000000258e-01
2.786666666666666736e-01
2.939999999999999836e-01
2.919999999999999818e-01
2.933333333333333348e-01
3.069999999999999951e-01
2.999999999999999889e-01
2.973333333333333384e-01
3.130000000000000004e-01
3.069999999999999951e-01
2.946666666666666878e-01
3.220000000000000084e-01
3.026666666666666394e-01
3.146666666666666501e-01
3.106666666666666465e-01
3.210000000000000075e-01
3.263333333333333086e-01
3.220000000000000084e-01
3.226666666666666572e-01
3.256666666666666599e-01
3.166666666666666519e-01
3.186666666666666536e-01
3.123333333333333517e-01
3.223333333333333606e-01
3.280000000000000138e-01
3.260000000000000120e-01
3.366666666666666696e-01
3.203333333333333588e-01
3.313333333333333131e-01
3.416666666666666741e-01
3.350000000000000200e-01
3.420000000000000262e-01
3.356666666666666687e-01
3.310000000000000164e-01
3.163333333333333552e-01
3.420000000000000262e-01
3.323333333333333139e-01
3.200000000000000067e-01
3.539999999999999813e-01
3.489999999999999769e-01
3.403333333333333210e-01
3.503333333333333299e-01
3.459999999999999742e-01
