0.000000000000000000e+00
0.000000000000000000e+00
0.000000000000000000e+00
0.000000000000000000e+00
0.000000000000000000e+00
0.000000000000000000e+00
0.000000000000000000e+00
0.000000000000000000e+00
0.000000000000000000e+00
0.000000000000000000e+00
0.000000000000000000e+00
0.000000000000000000e+00
0.000000000000000000e+00
0.000000000000000000e+00
0.000000000000000000e+00
0.000000000000000000e+00
0.000000000000000000e+00
0.000000000000000000e+00
0.000000000000000000e+00
0.000000000000000000e+00
0.000000000000000000e+00
0.000000000000000000e+00
0.000000000000000000e+00
0.000000000000000000e+00
0.000000000000000000e+00
0.000000000000000000e+00
0.000000000000000000e+00
0.000000000000000000e+00
0.000000000000000000e+00
0.000000000000000000e+00
0.000000000000000000e+00
0.000000000000000000e+00
0.000000000000000000e+00
0.000000000000000000e+00
0.000000000000000000e+00
0.000000000000000000e+00
0.000000000000000000e+00
0.000000000000000000e+00
0.000000000000000000e+00
0.000000000000000000e+00
0.000000000000000000e+00
0.000000000000000000e+00
0.000000000000000000e+00
0.000000000000000000e+00
0.000000000000000000e+00
0.000000000000000000e+00
0.000000000000000000e+00
0.000000000000000000e+00
0.000000000000000000e+00
0.000000000000000000e+00
0.000000000000000000e+00
0.000000000000000000e+00
0.000000000000000000e+00
0.000000000000000000e+00
0.000000000000000000e+00
0.000000000000000000e+00
0.000000000000000000e+00
0.000000000000000000e+00
0.000000000000000000e+00
0.000000000000000000e+00
0.000000000000000000e+00
0.000000000000000000e+00
0.000000000000000000e+00
0.000000000000000000e+00
0.000000000000000000e+00
0.000000000000000000e+00
0.000000000000000000e+00
0.000000000000000000e+00
0.000000000000000000e+00
0.000000000000000000e+00
0.000000000000000000e+00
0.000000000000000000e+00
0.000000000000000000e+00
0.000000000000000000e+00
0.000000000000000000e+00
0.000000000000000000e+00
0.000000000000000000e+00
0.000000000000000000e+00
0.000000000000000000e+00
0.000000000000000000e+00
0.000000000000000000e+00
0.000000000000000000e+00
0.000000000000000000e+00
0.000000000000000000e+00
0.000000000000000000e+00
0.000000000000000000e+00
0.000000000000000000e+00
0.000000000000000000e+00
0.000000000000000000e+00
0.000000000000000000e+00
0.000000000000000000e+00
0.000000000000000000e+00
0.000000000000000000e+00
0.000000000000000000e+00
3.333333333333333222e-04
0.000000000000000000e+00
3.333333333333333222e-04
2.999999999999999629e-03
4.666666666666667053e-03
6.000000000000000125e-03
1.066666666666666631e-02
1.299999999999999940e-02
2.566666666666666402e-02
2.999999999999999889e-02
3.066666666666666846e-02
4.166666666666666435e-02
5.000000000000000278e-02
5.299999999999999156e-02
6.566666666666667873e-02
7.633333333333333637e-02
7.499999999999999722e-02
8.600000000000000699e-02
8.300000000000000433e-02
9.633333333333332638e-02
1.050000000000000100e-01
1.126666666666666650e-01
1.153333333333333433e-01
1.186666666666666703e-01
1.326666666666666827e-01
1.439999999999999891e-01
1.450000000000000178e-01
1.529999999999999971e-01
1.566666666666666763e-01
1.580000000000000016e-01
1.673333333333333339e-01
1.733333333333333393e-01
1.749999999999999889e-01
1.903333333333333266e-01
1.823333333333333195e-01
1.990000000000000102e-01
2.046666666666666634e-01
2.133333333333333193e-01
2.080000000000000182e-01
2.183333333333333237e-01
2.193333333333333246e-01
2.310000000000000109e-01
2.436666666666666425e-01
2.326666666666666883e-01
2.426666666666666416e-01
2.353333333333333388e-01
2.449999999999999956e-01
2.603333333333333610e-01
2.600000000000000089e-01
2.593333333333333601e-01
2.643333333333333091e-01
2.636666666666667158e-01
2.683333333333333126e-01
2.743333333333333734e-01
2.939999999999999836e-01
2.983333333333333393e-01
3.186666666666666536e-01
2.999999999999999889e-01
3.146666666666666501e-01
3.170000000000000040e-01
3.146666666666666501e-01
3.246666666666666590e-01
3.316666666666666652e-01
3.220000000000000084e-01
3.266666666666666607e-01
3.446666666666666767e-01
3.483333333333333282e-01
3.449999999999999734e-01
3.466666666666666785e-01
3.566666666666666319e-01
3.573333333333332806e-01
3.509999999999999787e-01
3.836666666666667114e-01
3.706666666666666443e-01
3.703333333333332922e-01
3.803333333333333566e-01
3.850000000000000089e-01
4.016666666666666718e-01
3.950000000000000178e-01
3.836666666666667114e-01
3.946666666666667211e-01
4.013333333333333197e-01
4.203333333333333366e-01
4.103333333333333277e-01
4.006666666666667265e-01
4.016666666666667274e-01
4.129999999999999782e-01
4.263333333333333419e-01
4.273333333333333428e-01
4.229999999999999871e-01
4.283333333333333437e-01
4.430000000000000604e-01
4.293333333333333446e-01
4.266666666666666385e-01
4.456666666666666554e-01
4.459999999999999520e-01
4.343333333333333490e-01
4.456666666666666554e-01
4.620000000000000773e-01
4.526666666666666616e-01
4.736666666666666803e-01
4.506666666666666599e-01
4.633333333333333748e-01
4.849999999999999867e-01
4.809999999999999831e-01
4.753333333333333299e-01
4.679999999999999716e-01
4.823333333333332806e-01
4.759999999999999787e-01
4.779999999999999805e-01
4.713333333333332709e-01
4.823333333333332806e-01
4.993333333333333512e-01
5.023333333333332984e-01
4.863333333333333397e-01
4.946666666666666434e-01
4.946666666666666989e-01
5.000000000000000000e-01
4.976666666666667016e-01
5.223333333333333162e-01
5.020000000000000018e-01
5.376666666666667371e-01
5.163333333333333108e-01
5.300000000000000266e-01
5.190000000000000169e-01
5.303333333333333233e-01
5.343333333333333268e-01
5.343333333333333268e-01
5.269999999999999130e-01
5.233333333333334281e-01
5.346666666666666234e-01
5.286666666666666181e-01
5.323333333333333250e-01
5.476666666666666350e-01
5.336666666666667336e-01
5.526666666666666394e-01
5.226666666666667238e-01
5.660000000000000586e-01
5.433333333333333348e-01
5.546666666666666412e-01
5.496666666666666368e-01
5.610000000000000542e-01
5.623333333333333517e-01
5.649999999999999467e-01
5.569999999999999396e-01
5.613333333333333508e-01
5.703333333333333588e-01
5.620000000000000551e-01
5.719999999999999529e-01
5.756666666666666599e-01
5.800000000000000711e-01
5.616666666666666474e-01
5.806666666666666643e-01
5.669999999999999485e-01
5.793333333333333668e-01
5.926666666666666750e-01
5.826666666666666661e-01
5.936666666666666758e-01
5.633333333333333526e-01
5.906666666666666732e-01
5.913333333333332664e-01
5.766666666666666607e-01
5.833333333333332593e-01
5.973333333333333828e-01
5.773333333333333650e-01
6.129999999999999893e-01
6.136666666666665826e-01
5.953333333333332700e-01
5.919999999999999707e-01
5.933333333333332682e-01
5.996666666666666812e-01
5.963333333333333819e-01
5.993333333333332735e-01
6.159999999999999920e-01
6.229999999999999982e-01
6.043333333333333890e-01
6.246666666666667034e-01
6.119999999999999885e-01
6.159999999999999920e-01
6.199999999999999956e-01
6.319999999999998952e-01
6.233333333333334059e-01
6.266666666666665941e-01
6.346666666666667123e-01
6.360000000000000098e-01
6.246666666666667034e-01
6.383333333333333082e-01
6.126666666666666927e-01
6.243333333333334068e-01
6.350000000000000089e-01
6.350000000000000089e-01
6.276666666666665950e-01
6.410000000000000142e-01
6.400000000000000133e-01
6.300000000000000044e-01
6.383333333333333082e-01
6.283333333333334103e-01
6.526666666666667282e-01
6.530000000000000249e-01
6.463333333333334263e-01
6.530000000000000249e-01
6.503333333333333188e-01
6.376666666666666039e-01
6.636666666666666270e-01
6.633333333333333304e-01
