0.000000000000000000e+00
0.000000000000000000e+00
0.000000000000000000e+00
0.000000000000000000e+00
0.000000000000000000e+00
0.000000000000000000e+00
0.000000000000000000e+00
0.000000000000000000e+00
0.000000000000000000e+00
0.000000000000000000e+00
0.000000000000000000e+00
0.000000000000000000e+00
0.000000000000000000e+00
0.000000000000000000e+00
0.000000000000000000e+00
0.000000000000000000e+00
0.000000000000000000e+00
0.000000000000000000e+00
0.000000000000000000e+00
0.000000000000000000e+00
0.000000000000000000e+00
0.000000000000000000e+00
0.000000000000000000e+00
0.000000000000000000e+00
0.000000000000000000e+00
0.000000000000000000e+00
0.000000000000000000e+00
0.000000000000000000e+00
0.000000000000000000e+00
0.000000000000000000e+00
0.000000000000000000e+00
0.000000000000000000e+00
0.000000000000000000e+00
0.000000000000000000e+00
0.000000000000000000e+00
0.000000000000000000e+00
0.000000000000000000e+00
0.000000000000000000e+00
0.000000000000000000e+00
0.000000000000000000e+00
0.000000000000000000e+00
0.000000000000000000e+00
0.000000000000000000e+00
0.000000000000000000e+00
0.000000000000000000e+00
0.000000000000000000e+00
0.000000000000000000e+00
0.000000000000000000e+00
0.000000000000000000e+00
0.000000000000000000e+00
0.000000000000000000e+00
0.000000000000000000e+00
0.000000000000000000e+00
0.000000000000000000e+00
0.000000000000000000e+00
0.000000000000000000e+00
0.000000000000000000e+00
0.000000000000000000e+00
0.000000000000000000e+00
0.000000000000000000e+00
0.000000000000000000e+00
0.000000000000000000e+00
0.000000000000000000e+00
0.000000000000000000e+00
0.000000000000000000e+00
0.000000000000000000e+00
0.000000000000000000e+00
0.000000000000000000e+00
0.000000000000000000e+00
0.000000000000000000e+00
0.000000000000000000e+00
0.000000000000000000e+00
0.000000000000000000e+00
0.000000000000000000e+00
0.000000000000000000e+00
0.000000000000000000e+00
0.000000000000000000e+00
0.000000000000000000e+00
0.000000000000000000e+00
0.000000000000000000e+00
0.000000000000000000e+00
0.000000000000000000e+00
0.000000000000000000e+00
0.000000000000000000e+00
0.000000000000000000e+00
0.000000000000000000e+00
0.000000000000000000e+00
0.000000000000000000e+00
0.000000000000000000e+00
0.000000000000000000e+00
0.000000000000000000e+00
0.000000000000000000e+00
0.000000000000000000e+00
0.000000000000000000e+00
0.000000000000000000e+00
0.000000000000000000e+00
0.000000000000000000e+00
0.000000000000000000e+00
6.666666666666666444e-04
4.000000000000000083e-03
7.000000000000000146e-03
1.966666666666666563e-02
2.166666666666666741e-02
3.166666666666666935e-02
4.066666666666666347e-02
4.733333333333333143e-02
5.099999999999999672e-02
5.800000000000000294e-02
7.066666666666666929e-02
7.799999999999999989e-02
7.799999999999999989e-02
8.666666666666666963e-02
9.466666666666666285e-02
9.533333333333333937e-02
1.043333333333333335e-01
1.140000000000000041e-01
1.206666666666666721e-01
1.306666666666666532e-01
1.353333333333333333e-01
1.433333333333333404e-01
1.479999999999999927e-01
1.556666666666666754e-01
1.566666666666666763e-01
1.610000000000000042e-01
1.516666666666666718e-01
1.686666666666666592e-01
1.726666666666666627e-01
1.759999999999999898e-01
1.953333333333333310e-01
1.836666666666666725e-01
2.106666666666666687e-01
2.013333333333333364e-01
1.973333333333333328e-01
2.156666666666666732e-01
2.256666666666666543e-01
1.996666666666666590e-01
2.293333333333333335e-01
2.230000000000000038e-01
2.286666666666666570e-01
2.343333333333333379e-01
2.399999999999999911e-01
2.409999999999999920e-01
2.419999999999999929e-01
2.556666666666666532e-01
2.603333333333333610e-01
2.730000000000000204e-01
2.626666666666666594e-01
2.770000000000000240e-01
2.829999999999999738e-01
2.773333333333333206e-01
2.756666666666666710e-01
2.723333333333333162e-01
2.923333333333333339e-01
2.853333333333333277e-01
2.883333333333333304e-01
3.140000000000000013e-01
3.116666666666666474e-01
3.140000000000000013e-01
3.039999999999999925e-01
3.123333333333333517e-01
3.156666666666666510e-01
3.303333333333333122e-01
3.340000000000000191e-01
3.220000000000000084e-01
3.446666666666666767e-01
3.326666666666666661e-01
3.353333333333333166e-01
3.426666666666666750e-01
3.583333333333333370e-01
3.403333333333333210e-01
3.426666666666666750e-01
3.623333333333333406e-01
3.576666666666666883e-01
3.603333333333333388e-01
3.556666666666666865e-01
3.649999999999999911e-01
3.696666666666666434e-01
3.870000000000000107e-01
3.823333333333333584e-01
3.663333333333333441e-01
3.896666666666666612e-01
3.830000000000000071e-01
3.850000000000000089e-01
3.850000000000000089e-01
3.933333333333333126e-01
4.113333333333333286e-01
4.083333333333333259e-01
4.013333333333333197e-01
3.996666666666666701e-01
4.073333333333333250e-01
4.046666666666666745e-01
4.066666666666666763e-01
4.103333333333333277e-01
4.089999999999999747e-01
4.203333333333333366e-01
4.289999999999999925e-01
4.169999999999999818e-01
4.156666666666666843e-01
4.176666666666666861e-01
4.253333333333333410e-01
4.420000000000000040e-01
4.196666666666666878e-01
4.286666666666666403e-01
4.426666666666666528e-01
4.323333333333333472e-01
4.329999999999999960e-01
4.530000000000000138e-01
4.536666666666666625e-01
4.483333333333333059e-01
4.493333333333333068e-01
4.693333333333333246e-01
4.369999999999999996e-01
4.416666666666666519e-01
4.696666666666666767e-01
4.733333333333333282e-01
4.693333333333333246e-01
4.716666666666666785e-01
4.643333333333333202e-01
4.580000000000000182e-01
4.686666666666666758e-01
4.686666666666666758e-01
4.783333333333333326e-01
4.729999999999999760e-01
4.863333333333333397e-01
4.839999999999999858e-01
4.883333333333333415e-01
5.020000000000000018e-01
4.819999999999999840e-01
4.903333333333333433e-01
4.803333333333333344e-01
4.979999999999999982e-01
5.033333333333332993e-01
4.856666666666666909e-01
5.003333333333332966e-01
4.943333333333333468e-01
5.223333333333333162e-01
5.070000000000000062e-01
5.030000000000000027e-01
5.096666666666667123e-01
5.266666666666666163e-01
5.050000000000000044e-01
5.163333333333333108e-01
5.313333333333333242e-01
5.186666666666667203e-01
5.176666666666667194e-01
5.126666666666667149e-01
5.090000000000000080e-01
5.123333333333333073e-01
5.423333333333333339e-01
5.110000000000000098e-01
5.123333333333333073e-01
5.476666666666666350e-01
5.146666666666667167e-01
5.410000000000000364e-01
5.290000000000000258e-01
5.373333333333333295e-01
5.333333333333333259e-01
5.360000000000000320e-01
5.326666666666666217e-01
5.356666666666666243e-01
5.400000000000000355e-01
5.516666666666666385e-01
5.483333333333333393e-01
5.390000000000000346e-01
5.380000000000000338e-01
5.483333333333333393e-01
5.486666666666666359e-01
5.376666666666666261e-01
5.586666666666666448e-01
5.696666666666666545e-01
5.626666666666666483e-01
5.416666666666666297e-01
5.570000000000000506e-01
5.636666666666666492e-01
5.696666666666666545e-01
5.729999999999999538e-01
5.693333333333333579e-01
5.649999999999999467e-01
5.859999999999999654e-01
5.699999999999999512e-01
5.733333333333333615e-01
5.649999999999999467e-01
5.723333333333333606e-01
5.716666666666666563e-01
5.823333333333333695e-01
5.909999999999999698e-01
5.719999999999999529e-01
5.663333333333333552e-01
5.846666666666666679e-01
5.683333333333333570e-01
5.806666666666666643e-01
5.819999999999999618e-01
5.999999999999999778e-01
5.829999999999999627e-01
5.969999999999999751e-01
5.943333333333333801e-01
6.026666666666666838e-01
5.896666666666666723e-01
6.026666666666666838e-01
