0.000000000000000000e+00
0.000000000000000000e+00
0.000000000000000000e+00
0.000000000000000000e+00
0.000000000000000000e+00
0.000000000000000000e+00
0.000000000000000000e+00
0.000000000000000000e+00
0.000000000000000000e+00
0.000000000000000000e+00
0.000000000000000000e+00
0.000000000000000000e+00
0.000000000000000000e+00
0.000000000000000000e+00
0.000000000000000000e+00
0.000000000000000000e+00
0.000000000000000000e+00
0.000000000000000000e+00
0.000000000000000000e+00
0.000000000000000000e+00
0.000000000000000000e+00
0.000000000000000000e+00
0.000000000000000000e+00
0.000000000000000000e+00
0.000000000000000000e+00
0.000000000000000000e+00
0.000000000000000000e+00
0.000000000000000000e+00
0.000000000000000000e+00
0.000000000000000000e+00
0.000000000000000000e+00
0.000000000000000000e+00
0.000000000000000000e+00
0.000000000000000000e+00
0.000000000000000000e+00
0.000000000000000000e+00
0.000000000000000000e+00
0.000000000000000000e+00
0.000000000000000000e+00
0.000000000000000000e+00
0.000000000000000000e+00
0.000000000000000000e+00
0.000000000000000000e+00
0.000000000000000000e+00
0.000000000000000000e+00
0.000000000000000000e+00
0.000000000000000000e+00
0.000000000000000000e+00
0.000000000000000000e+00
0.000000000000000000e+00
0.000000000000000000e+00
0.000000000000000000e+00
0.000000000000000000e+00
0.000000000000000000e+00
0.000000000000000000e+00
0.000000000000000000e+00
0.000000000000000000e+00
0.000000000000000000e+00
0.000000000000000000e+00
0.000000000000000000e+00
0.000000000000000000e+00
0.000000000000000000e+00
0.000000000000000000e+00
0.000000000000000000e+00
0.000000000000000000e+00
0.000000000000000000e+00
0.000000000000000000e+00
0.000000000000000000e+00
0.000000000000000000e+00
0.000000000000000000e+00
0.000000000000000000e+00
0.000000000000000000e+00
0.000000000000000000e+00
0.000000000000000000e+00
0.000000000000000000e+00
0.000000000000000000e+00
0.000000000000000000e+00
0.000000000000000000e+00
0.000000000000000000e+00
0.000000000000000000e+00
0.000000000000000000e+00
0.000000000000000000e+00
0.000000000000000000e+00
0.000000000000000000e+00
0.000000000000000000e+00
0.000000000000000000e+00
0.000000000000000000e+00
0.000000000000000000e+00
0.000000000000000000e+00
0.000000000000000000e+00
3.333333333333333222e-04
0.000000000000000000e+00
0.000000000000000000e+00
6.666666666666666444e-04
0.000000000000000000e+00
3.333333333333333222e-04
2.333333333333333526e-03
2.666666666666666578e-03
2.333333333333333526e-03
5.666666666666667074e-03
5.000000000000000104e-03
5.000000000000000104e-03
8.333333333333333218e-03
1.066666666666666631e-02
1.033333333333333326e-02
1.633333333333333165e-02
1.433333333333333334e-02
1.866666666666666821e-02
1.733333333333333254e-02
1.600000000000000033e-02
2.433333333333333182e-02
2.400000000000000050e-02
2.433333333333333182e-02
3.166666666666666935e-02
3.133333333333333109e-02
3.433333333333333376e-02
3.599999999999999728e-02
3.833333333333333037e-02
3.766666666666666774e-02
4.633333333333333054e-02
4.833333333333333232e-02
4.299999999999999656e-02
4.233333333333333393e-02
4.466666666666666702e-02
4.766666666666666968e-02
5.966666666666666646e-02
5.233333333333333587e-02
4.900000000000000189e-02
5.800000000000000294e-02
5.666666666666666380e-02
5.933333333333333515e-02
5.899999999999999689e-02
6.099999999999999867e-02
6.199999999999999956e-02
5.999999999999999778e-02
6.600000000000000311e-02
5.766666666666666469e-02
6.466666666666666397e-02
6.933333333333333015e-02
7.133333333333333193e-02
7.833333333333333814e-02
7.099999999999999367e-02
7.833333333333333814e-02
8.266666666666666607e-02
8.066666666666666430e-02
7.566666666666665986e-02
7.900000000000000078e-02
8.733333333333333226e-02
7.633333333333333637e-02
8.266666666666666607e-02
8.333333333333332871e-02
7.866666666666666252e-02
8.933333333333333404e-02
9.199999999999999845e-02
8.133333333333332693e-02
8.666666666666666963e-02
9.600000000000000200e-02
1.039999999999999952e-01
9.299999999999999933e-02
9.299999999999999933e-02
8.899999999999999578e-02
1.019999999999999934e-01
9.433333333333333848e-02
9.466666666666666285e-02
9.633333333333334025e-02
9.933333333333332904e-02
1.089999999999999997e-01
9.866666666666666641e-02
1.126666666666666650e-01
1.049999999999999961e-01
1.100000000000000006e-01
1.083333333333333370e-01
1.156666666666666676e-01
1.110000000000000014e-01
1.160000000000000059e-01
1.160000000000000059e-01
1.136666666666666659e-01
1.146666666666666667e-01
1.186666666666666703e-01
1.086666666666666614e-01
1.193333333333333329e-01
1.196666666666666712e-01
1.273333333333333262e-01
1.226666666666666600e-01
1.283333333333333270e-01
1.219999999999999973e-01
1.206666666666666721e-01
1.270000000000000018e-01
1.310000000000000053e-01
1.236666666666666609e-01
1.266666666666666774e-01
1.316666666666666541e-01
1.333333333333333315e-01
1.403333333333333377e-01
1.219999999999999973e-01
1.283333333333333270e-01
1.363333333333333341e-01
1.363333333333333341e-01
1.246666666666666617e-01
1.273333333333333262e-01
1.380000000000000115e-01
1.356666666666666576e-01
1.366666666666666585e-01
1.436666666666666647e-01
1.320000000000000062e-01
1.453333333333333421e-01
1.496666666666666701e-01
1.449999999999999900e-01
1.370000000000000107e-01
1.429999999999999882e-01
1.426666666666666639e-01
1.456666666666666665e-01
1.546666666666666745e-01
1.493333333333333457e-01
1.533333333333333215e-01
1.590000000000000024e-01
1.383333333333333359e-01
1.519999999999999962e-01
1.479999999999999927e-01
1.653333333333333321e-01
1.429999999999999882e-01
1.686666666666666592e-01
1.516666666666666718e-01
1.446666666666666656e-01
1.600000000000000033e-01
1.593333333333333268e-01
1.646666666666666556e-01
1.710000000000000131e-01
1.606666666666666798e-01
1.536666666666666736e-01
1.673333333333333339e-01
1.673333333333333339e-01
1.719999999999999862e-01
1.660000000000000087e-01
1.603333333333333277e-01
1.666666666666666574e-01
1.683333333333333348e-01
1.749999999999999889e-01
1.819999999999999951e-01
1.696666666666666601e-01
1.693333333333333357e-01
1.700000000000000122e-01
1.729999999999999871e-01
1.726666666666666627e-01
1.733333333333333393e-01
1.763333333333333419e-01
1.636666666666666548e-01
1.893333333333333257e-01
1.809999999999999942e-01
1.833333333333333204e-01
1.673333333333333339e-01
1.779999999999999916e-01
1.753333333333333410e-01
1.726666666666666627e-01
1.880000000000000004e-01
1.646666666666666556e-01
1.776666666666666672e-01
1.759999999999999898e-01
1.799999999999999933e-01
1.786666666666666681e-01
1.789999999999999925e-01
1.859999999999999987e-01
1.806666666666666698e-01
1.786666666666666681e-01
1.973333333333333328e-01
1.926666666666666805e-01
1.796666666666666690e-01
1.813333333333333464e-01
1.920000000000000040e-01
1.960000000000000075e-01
1.849999999999999978e-01
1.916666666666666796e-01
1.906666666666666787e-01
1.913333333333333275e-01
1.913333333333333275e-01
1.996666666666666590e-01
1.910000000000000031e-01
1.973333333333333328e-01
1.966666666666666563e-01
1.890000000000000013e-01
2.020000000000000129e-01
2.039999999999999869e-01
2.020000000000000129e-01
2.083333333333333426e-01
1.956666666666666554e-01
2.016666666666666607e-01
2.089999999999999913e-01
1.976666666666666572e-01
1.940000000000000058e-01
1.993333333333333346e-01
2.006666666666666599e-01
2.163333333333333219e-01
2.000000000000000111e-01
1.960000000000000075e-01
2.039999999999999869e-01
2.073333333333333417e-01
2.149999999999999967e-01
2.156666666666666732e-01
2.116666666666666696e-01
