0.000000000000000000e+00
0.000000000000000000e+00
0.000000000000000000e+00
0.000000000000000000e+00
0.000000000000000000e+00
0.000000000000000000e+00
0.000000000000000000e+00
0.000000000000000000e+00
0.000000000000000000e+00
0.000000000000000000e+00
0.000000000000000000e+00
0.000000000000000000e+00
0.000000000000000000e+00
0.000000000000000000e+00
0.000000000000000000e+00
0.000000000000000000e+00
0.000000000000000000e+00
0.000000000000000000e+00
0.000000000000000000e+00
0.000000000000000000e+00
0.000000000000000000e+00
0.000000000000000000e+00
0.000000000000000000e+00
0.000000000000000000e+00
0.000000000000000000e+00
0.000000000000000000e+00
0.000000000000000000e+00
0.000000000000000000e+00
0.000000000000000000e+00
0.000000000000000000e+00
0.000000000000000000e+00
0.000000000000000000e+00
0.000000000000000000e+00
0.000000000000000000e+00
0.000000000000000000e+00
0.000000000000000000e+00
0.000000000000000000e+00
0.000000000000000000e+00
0.000000000000000000e+00
0.000000000000000000e+00
0.000000000000000000e+00
0.000000000000000000e+00
0.000000000000000000e+00
0.000000000000000000e+00
0.000000000000000000e+00
0.000000000000000000e+00
0.000000000000000000e+00
0.000000000000000000e+00
0.000000000000000000e+00
0.000000000000000000e+00
0.000000000000000000e+00
0.000000000000000000e+00
0.000000000000000000e+00
0.000000000000000000e+00
0.000000000000000000e+00
0.000000000000000000e+00
0.000000000000000000e+00
0.000000000000000000e+00
0.000000000000000000e+00
0.000000000000000000e+00
0.000000000000000000e+00
0.000000000000000000e+00
0.000000000000000000e+00
0.000000000000000000e+00
0.000000000000000000e+00
0.000000000000000000e+00
0.000000000000000000e+00
0.000000000000000000e+00
0.000000000000000000e+00
0.000000000000000000e+00
0.000000000000000000e+00
0.000000000000000000e+00
0.000000000000000000e+00
0.000000000000000000e+00
0.000000000000000000e+00
0.000000000000000000e+00
0.000000000000000000e+00
0.000000000000000000e+00
0.000000000000000000e+00
0.000000000000000000e+00
0.000000000000000000e+00
0.000000000000000000e+00
0.000000000000000000e+00
0.000000000000000000e+00
0.000000000000000000e+00
0.000000000000000000e+00
0.000000000000000000e+00
0.000000000000000000e+00
0.000000000000000000e+00
0.000000000000000000e+00
0.000000000000000000e+00
0.000000000000000000e+00
0.000000000000000000e+00
0.000000000000000000e+00
0.000000000000000000e+00
0.000000000000000000e+00
0.000000000000000000e+00
3.333333333333333222e-04
1.333333333333333289e-03
3.666666666666667032e-03
7.333333333333334064e-03
1.933333333333333084e-02
2.366666666666666571e-02
2.866666666666667015e-02
4.233333333333333393e-02
5.333333333333333676e-02
5.166666666666666630e-02
6.366666666666666308e-02
7.433333333333333459e-02
7.866666666666667640e-02
9.299999999999999933e-02
9.566666666666667762e-02
1.060000000000000109e-01
1.179999999999999938e-01
1.196666666666666573e-01
1.320000000000000062e-01
1.443333333333333413e-01
1.456666666666666665e-01
1.603333333333333555e-01
1.476666666666666683e-01
1.549999999999999989e-01
1.683333333333333348e-01
1.743333333333333124e-01
1.946666666666666545e-01
1.856666666666666743e-01
1.983333333333333337e-01
2.070000000000000173e-01
2.143333333333333202e-01
2.226666666666666794e-01
2.233333333333333559e-01
2.236666666666666803e-01
2.200000000000000289e-01
2.446666666666666434e-01
2.479999999999999982e-01
2.333333333333333093e-01
2.516666666666666496e-01
2.553333333333333566e-01
2.733333333333333171e-01
2.919999999999999818e-01
2.616666666666666585e-01
2.646666666666666612e-01
2.973333333333333384e-01
2.906666666666666843e-01
2.993333333333333401e-01
2.910000000000000364e-01
3.113333333333333508e-01
2.946666666666666878e-01
3.136666666666667047e-01
3.223333333333333606e-01
3.220000000000000084e-01
3.329999999999999627e-01
3.286666666666666625e-01
3.313333333333333131e-01
3.520000000000000351e-01
3.346666666666666679e-01
3.526666666666666283e-01
3.543333333333333335e-01
3.603333333333332833e-01
3.666666666666666963e-01
3.636666666666666936e-01
3.643333333333332869e-01
3.750000000000000000e-01
3.936666666666666647e-01
3.820000000000000062e-01
3.866666666666667140e-01
3.933333333333333126e-01
3.950000000000000178e-01
3.923333333333333117e-01
3.866666666666667140e-01
4.020000000000000240e-01
4.076666666666666217e-01
4.126666666666666261e-01
4.143333333333333313e-01
4.320000000000000506e-01
4.456666666666666554e-01
4.266666666666666385e-01
4.323333333333332917e-01
4.243333333333333401e-01
4.300000000000000488e-01
4.299999999999999933e-01
4.529999999999999583e-01
4.463333333333333597e-01
4.333333333333333481e-01
4.659999999999999698e-01
4.630000000000000226e-01
4.583333333333333703e-01
4.626666666666666705e-01
4.616666666666666696e-01
4.579999999999999627e-01
4.573333333333332584e-01
4.626666666666666705e-01
4.509999999999999565e-01
4.806666666666666865e-01
4.789999999999999813e-01
4.849999999999999867e-01
4.866666666666666918e-01
4.656666666666666732e-01
4.786666666666666847e-01
5.010000000000000009e-01
4.993333333333334068e-01
4.970000000000000528e-01
4.953333333333332922e-01
4.943333333333332913e-01
5.020000000000000018e-01
5.056666666666667087e-01
4.926666666666666972e-01
5.183333333333333126e-01
5.203333333333334254e-01
5.303333333333333233e-01
5.206666666666667220e-01
5.146666666666667167e-01
5.163333333333333108e-01
5.313333333333333242e-01
5.449999999999999289e-01
5.316666666666666208e-01
5.329999999999999183e-01
5.410000000000000364e-01
5.403333333333333321e-01
5.413333333333332220e-01
5.566666666666665320e-01
5.459999999999999298e-01
5.539999999999999369e-01
5.520000000000000462e-01
5.599999999999999423e-01
5.600000000000000533e-01
5.503333333333333410e-01
5.426666666666666305e-01
5.556666666666667531e-01
5.453333333333333366e-01
5.586666666666666448e-01
5.633333333333332416e-01
5.516666666666667496e-01
5.676666666666665417e-01
5.493333333333333401e-01
5.533333333333333437e-01
5.616666666666667584e-01
5.799999999999999600e-01
5.809999999999999609e-01
5.819999999999999618e-01
5.983333333333333837e-01
5.916666666666666741e-01
5.909999999999999698e-01
5.866666666666665586e-01
5.859999999999999654e-01
5.903333333333333766e-01
5.830000000000000737e-01
5.943333333333333801e-01
5.929999999999999716e-01
5.713333333333333597e-01
5.829999999999999627e-01
6.033333333333332771e-01
5.963333333333332709e-01
6.136666666666665826e-01
6.120000000000000995e-01
6.129999999999999893e-01
6.033333333333333881e-01
6.123333333333332851e-01
6.153333333333333988e-01
6.049999999999999822e-01
6.139999999999999902e-01
6.096666666666665790e-01
6.093333333333332824e-01
6.229999999999999982e-01
6.176666666666665861e-01
6.023333333333333872e-01
6.220000000000001084e-01
6.246666666666667034e-01
6.350000000000000089e-01
6.310000000000000053e-01
6.219999999999999973e-01
6.243333333333332957e-01
6.353333333333333055e-01
6.260000000000000009e-01
6.346666666666667123e-01
6.520000000000000240e-01
6.316666666666667096e-01
6.219999999999999973e-01
6.350000000000000089e-01
6.213333333333332931e-01
6.346666666666667123e-01
6.406666666666667176e-01
6.510000000000000231e-01
6.423333333333334227e-01
6.323333333333334139e-01
6.440000000000001279e-01
6.373333333333333073e-01
6.573333333333333250e-01
6.480000000000000204e-01
6.523333333333333206e-01
6.376666666666666039e-01
6.596666666666667345e-01
6.380000000000000115e-01
6.453333333333333144e-01
6.556666666666667309e-01
6.640000000000000346e-01
6.633333333333333304e-01
6.620000000000000329e-01
6.563333333333334352e-01
6.603333333333333277e-01
