0.000000000000000000e+00
0.000000000000000000e+00
0.000000000000000000e+00
0.000000000000000000e+00
0.000000000000000000e+00
0.000000000000000000e+00
0.000000000000000000e+00
0.000000000000000000e+00
0.000000000000000000e+00
0.000000000000000000e+00
0.000000000000000000e+00
0.000000000000000000e+00
0.000000000000000000e+00
0.000000000000000000e+00
0.000000000000000000e+00
0.000000000000000000e+00
0.000000000000000000e+00
0.000000000000000000e+00
0.000000000000000000e+00
0.000000000000000000e+00
0.000000000000000000e+00
0.000000000000000000e+00
0.000000000000000000e+00
0.000000000000000000e+00
0.000000000000000000e+00
0.000000000000000000e+00
0.000000000000000000e+00
0.000000000000000000e+00
0.000000000000000000e+00
0.000000000000000000e+00
0.000000000000000000e+00
0.000000000000000000e+00
0.000000000000000000e+00
0.000000000000000000e+00
0.000000000000000000e+00
0.000000000000000000e+00
0.000000000000000000e+00
0.000000000000000000e+00
0.000000000000000000e+00
0.000000000000000000e+00
0.000000000000000000e+00
0.000000000000000000e+00
0.000000000000000000e+00
0.000000000000000000e+00
0.000000000000000000e+00
0.000000000000000000e+00
0.000000000000000000e+00
0.000000000000000000e+00
0.000000000000000000e+00
0.000000000000000000e+00
0.000000000000000000e+00
0.000000000000000000e+00
0.000000000000000000e+00
0.000000000000000000e+00
0.000000000000000000e+00
0.000000000000000000e+00
0.000000000000000000e+00
0.000000000000000000e+00
0.000000000000000000e+00
0.000000000000000000e+00
0.000000000000000000e+00
0.000000000000000000e+00
0.000000000000000000e+00
0.000000000000000000e+00
0.000000000000000000e+00
0.000000000000000000e+00
0.000000000000000000e+00
0.000000000000000000e+00
0.000000000000000000e+00
0.000000000000000000e+00
0.000000000000000000e+00
0.000000000000000000e+00
0.000000000000000000e+00
0.000000000000000000e+00
0.000000000000000000e+00
0.000000000000000000e+00
0.000000000000000000e+00
0.000000000000000000e+00
0.000000000000000000e+00
0.000000000000000000e+00
0.000000000000000000e+00
0.000000000000000000e+00
0.000000000000000000e+00
0.000000000000000000e+00
0.000000000000000000e+00
0.000000000000000000e+00
0.000000000000000000e+00
0.000000000000000000e+00
0.000000000000000000e+00
0.000000000000000000e+00
0.000000000000000000e+00
0.000000000000000000e+00
0.000000000000000000e+00
0.000000000000000000e+00
0.000000000000000000e+00
0.000000000000000000e+00
0.000000000000000000e+00
0.000000000000000000e+00
6.666666666666666444e-04
3.333333333333333981e-03
1.099999999999999936e-02
2.099999999999999784e-02
2.766666666666666233e-02
4.366666666666666613e-02
4.833333333333332538e-02
5.133333333333332804e-02
6.666666666666666574e-02
7.333333333333331983e-02
8.166666666666666519e-02
9.099999999999999756e-02
8.799999999999999489e-02
1.056666666666666587e-01
1.086666666666666614e-01
1.169999999999999929e-01
1.229999999999999982e-01
1.336666666666666559e-01
1.406666666666666621e-01
1.556666666666666476e-01
1.613333333333333286e-01
1.579999999999999738e-01
1.679999999999999827e-01
1.726666666666666627e-01
1.906666666666666787e-01
1.963333333333333042e-01
2.003333333333333077e-01
2.129999999999999949e-01
1.969999999999999807e-01
2.136666666666666714e-01
2.163333333333333219e-01
2.326666666666666328e-01
2.273333333333333039e-01
2.246666666666666257e-01
2.590000000000000080e-01
2.473333333333333217e-01
2.403333333333333155e-01
2.600000000000000089e-01
2.716666666666666119e-01
2.639999999999999569e-01
2.753333333333333188e-01
2.856666666666666243e-01
2.796666666666666190e-01
2.859999999999999210e-01
3.036666666666666403e-01
3.033333333333332882e-01
3.139999999999999458e-01
3.000000000000000444e-01
3.166666666666666519e-01
3.089999999999999969e-01
3.319999999999999618e-01
3.333333333333333148e-01
3.199999999999999512e-01
3.236666666666666581e-01
3.389999999999999680e-01
3.493333333333333290e-01
3.543333333333332780e-01
3.523333333333332762e-01
3.479999999999999760e-01
3.633333333333332860e-01
3.699999999999999400e-01
3.716666666666666452e-01
3.716666666666666452e-01
3.763333333333332975e-01
3.870000000000000107e-01
3.886666666666666048e-01
3.850000000000000089e-01
4.153333333333333321e-01
3.990000000000000213e-01
3.956666666666666110e-01
4.206666666666666332e-01
4.029999999999999138e-01
4.249999999999999334e-01
4.046666666666666190e-01
4.219999999999999862e-01
4.199999999999999845e-01
4.363333333333332953e-01
4.246666666666666368e-01
4.276666666666666394e-01
4.323333333333332917e-01
4.279999999999999916e-01
4.183333333333332793e-01
4.540000000000000147e-01
4.496666666666666590e-01
4.563333333333333131e-01
4.420000000000000040e-01
4.536666666666666625e-01
4.600000000000000200e-01
4.573333333333333695e-01
4.756666666666666821e-01
4.693333333333332691e-01
4.733333333333332726e-01
4.766666666666666274e-01
4.649999999999999689e-01
4.829999999999999294e-01
4.713333333333333819e-01
4.799999999999999822e-01
4.843333333333332824e-01
4.846666666666666345e-01
5.093333333333333046e-01
4.869999999999999329e-01
4.756666666666666821e-01
5.056666666666665977e-01
4.976666666666665906e-01
5.160000000000000142e-01
5.046666666666665968e-01
5.143333333333333091e-01
5.010000000000000009e-01
5.143333333333333091e-01
5.316666666666666208e-01
5.290000000000000258e-01
5.306666666666666199e-01
5.053333333333333011e-01
5.323333333333333250e-01
5.283333333333333215e-01
5.360000000000000320e-01
5.290000000000000258e-01
5.290000000000000258e-01
5.253333333333333188e-01
5.463333333333333375e-01
5.393333333333334423e-01
5.483333333333333393e-01
5.323333333333333250e-01
5.539999999999999369e-01
5.576666666666666439e-01
5.353333333333333277e-01
5.483333333333333393e-01
5.656666666666666510e-01
5.703333333333332478e-01
5.493333333333333401e-01
5.643333333333332424e-01
5.703333333333332478e-01
5.776666666666665506e-01
5.699999999999999512e-01
5.723333333333333606e-01
5.803333333333333677e-01
5.699999999999999512e-01
5.673333333333332451e-01
5.759999999999998455e-01
5.806666666666666643e-01
5.793333333333332558e-01
5.803333333333332567e-01
5.896666666666665613e-01
5.789999999999998481e-01
5.873333333333332629e-01
6.059999999999999831e-01
5.823333333333332584e-01
5.963333333333332709e-01
5.936666666666665648e-01
6.023333333333332762e-01
5.976666666666665684e-01
6.013333333333332753e-01
6.153333333333332877e-01
6.059999999999999831e-01
5.919999999999998597e-01
5.963333333333332709e-01
5.979999999999999760e-01
6.106666666666665799e-01
5.973333333333332718e-01
6.199999999999998845e-01
6.203333333333332922e-01
6.026666666666666838e-01
6.099999999999998757e-01
6.089999999999999858e-01
6.239999999999998881e-01
6.270000000000000018e-01
6.193333333333332913e-01
6.523333333333334316e-01
6.353333333333333055e-01
6.209999999999999964e-01
6.276666666666665950e-01
6.339999999999998970e-01
6.283333333333331883e-01
6.253333333333332966e-01
6.376666666666666039e-01
6.366666666666667140e-01
6.466666666666666119e-01
6.290000000000000036e-01
6.286666666666665959e-01
6.379999999999999005e-01
6.476666666666666128e-01
6.356666666666666021e-01
6.393333333333333091e-01
6.393333333333333091e-01
6.393333333333333091e-01
6.503333333333333188e-01
6.576666666666666217e-01
6.663333333333333330e-01
6.406666666666667176e-01
6.593333333333333268e-01
6.526666666666667282e-01
6.470000000000000195e-01
6.450000000000000178e-01
6.519999999999999130e-01
6.686666666666667425e-01
6.646666666666667389e-01
6.686666666666667425e-01
6.549999999999999156e-01
6.710000000000000409e-01
6.769999999999998241e-01
6.556666666666666199e-01
