0.000000000000000000e+00
0.000000000000000000e+00
0.000000000000000000e+00
0.000000000000000000e+00
0.000000000000000000e+00
0.000000000000000000e+00
0.000000000000000000e+00
0.000000000000000000e+00
0.000000000000000000e+00
0.000000000000000000e+00
0.000000000000000000e+00
0.000000000000000000e+00
0.000000000000000000e+00
0.000000000000000000e+00
0.000000000000000000e+00
0.000000000000000000e+00
0.000000000000000000e+00
0.000000000000000000e+00
0.000000000000000000e+00
0.000000000000000000e+00
0.000000000000000000e+00
0.000000000000000000e+00
0.000000000000000000e+00
0.000000000000000000e+00
0.000000000000000000e+00
0.000000000000000000e+00
0.000000000000000000e+00
0.000000000000000000e+00
0.000000000000000000e+00
0.000000000000000000e+00
0.000000000000000000e+00
0.000000000000000000e+00
0.000000000000000000e+00
0.000000000000000000e+00
0.000000000000000000e+00
0.000000000000000000e+00
0.000000000000000000e+00
0.000000000000000000e+00
0.000000000000000000e+00
0.000000000000000000e+00
0.000000000000000000e+00
0.000000000000000000e+00
0.000000000000000000e+00
0.000000000000000000e+00
0.000000000000000000e+00
0.000000000000000000e+00
0.000000000000000000e+00
0.000000000000000000e+00
0.000000000000000000e+00
0.000000000000000000e+00
0.000000000000000000e+00
0.000000000000000000e+00
0.000000000000000000e+00
0.000000000000000000e+00
0.000000000000000000e+00
0.000000000000000000e+00
0.000000000000000000e+00
0.000000000000000000e+00
0.000000000000000000e+00
0.000000000000000000e+00
0.000000000000000000e+00
0.000000000000000000e+00
0.000000000000000000e+00
0.000000000000000000e+00
0.000000000000000000e+00
0.000000000000000000e+00
0.000000000000000000e+00
0.000000000000000000e+00
0.000000000000000000e+00
0.000000000000000000e+00
0.000000000000000000e+00
0.000000000000000000e+00
3.333333333333333222e-04
3.333333333333333222e-04
0.000000000000000000e+00
3.333333333333333222e-04
3.333333333333333222e-04
3.333333333333333222e-04
3.333333333333333222e-04
1.000000000000000021e-03
1.333333333333333289e-03
1.333333333333333289e-03
1.333333333333333289e-03
3.000000000000000062e-03
3.666666666666666598e-03
1.666666666666666774e-03
8.000000000000000167e-03
6.333333333333333176e-03
8.666666666666666269e-03
9.666666666666667157e-03
1.299999999999999940e-02
1.266666666666666635e-02
1.366666666666666724e-02
1.799999999999999864e-02
2.333333333333333440e-02
2.533333333333333270e-02
2.666666666666666838e-02
3.099999999999999978e-02
3.466666666666666508e-02
3.366666666666666419e-02
4.399999999999999745e-02
4.900000000000000189e-02
6.033333333333333603e-02
5.933333333333333515e-02
6.400000000000000133e-02
7.333333333333333370e-02
8.400000000000000522e-02
9.700000000000000289e-02
8.500000000000000611e-02
9.133333333333333581e-02
1.073333333333333361e-01
1.203333333333333338e-01
1.223333333333333356e-01
1.286666666666666792e-01
1.316666666666666541e-01
1.479999999999999927e-01
1.419999999999999873e-01
1.466666666666666674e-01
1.600000000000000033e-01
1.616666666666666530e-01
1.736666666666666636e-01
1.713333333333333375e-01
1.803333333333333455e-01
1.966666666666666563e-01
2.163333333333333219e-01
2.133333333333333470e-01
2.156666666666666732e-01
2.263333333333333308e-01
2.253333333333333299e-01
2.419999999999999929e-01
2.316666666666666596e-01
2.389999999999999902e-01
2.359999999999999876e-01
2.560000000000000053e-01
2.513333333333333530e-01
2.580000000000000071e-01
2.653333333333333099e-01
2.640000000000000124e-01
2.876666666666666816e-01
2.893333333333333313e-01
2.966666666666666896e-01
2.909999999999999809e-01
2.896666666666666834e-01
3.013333333333333419e-01
3.013333333333333419e-01
3.170000000000000040e-01
3.280000000000000138e-01
3.136666666666666492e-01
3.180000000000000049e-01
3.459999999999999742e-01
3.323333333333333139e-01
3.483333333333333282e-01
3.423333333333333228e-01
3.466666666666666785e-01
3.446666666666666767e-01
3.583333333333333370e-01
3.533333333333333326e-01
3.813333333333333575e-01
3.626666666666666927e-01
3.726666666666666461e-01
3.860000000000000098e-01
3.733333333333333504e-01
3.900000000000000133e-01
3.956666666666666665e-01
4.023333333333333206e-01
3.816666666666666541e-01
4.093333333333333268e-01
4.023333333333333206e-01
4.046666666666666745e-01
4.163333333333333330e-01
4.176666666666666861e-01
4.183333333333333348e-01
4.219999999999999862e-01
4.149999999999999800e-01
4.380000000000000004e-01
4.299999999999999933e-01
4.413333333333333552e-01
4.373333333333333517e-01
4.460000000000000075e-01
4.363333333333333508e-01
4.493333333333333068e-01
4.636666666666666714e-01
4.386666666666666492e-01
4.426666666666666528e-01
4.693333333333333246e-01
4.656666666666666732e-01
4.406666666666666510e-01
4.586666666666666670e-01
4.683333333333333237e-01
4.680000000000000271e-01
4.743333333333333290e-01
4.849999999999999867e-01
4.753333333333333299e-01
4.876666666666666927e-01
4.923333333333333450e-01
4.893333333333333424e-01
5.100000000000000089e-01
4.953333333333333477e-01
4.993333333333333512e-01
4.963333333333333486e-01
5.000000000000000000e-01
5.030000000000000027e-01
5.033333333333332993e-01
4.973333333333333495e-01
5.010000000000000009e-01
5.160000000000000142e-01
5.110000000000000098e-01
5.120000000000000107e-01
5.226666666666666128e-01
5.266666666666666163e-01
5.260000000000000231e-01
5.253333333333333188e-01
5.300000000000000266e-01
5.440000000000000391e-01
5.476666666666666350e-01
5.193333333333333135e-01
5.423333333333333339e-01
5.646666666666666501e-01
5.356666666666666243e-01
5.293333333333333224e-01
5.470000000000000417e-01
5.566666666666666430e-01
5.496666666666666368e-01
5.546666666666666412e-01
5.553333333333333455e-01
5.639999999999999458e-01
5.503333333333333410e-01
5.666666666666666519e-01
5.659999999999999476e-01
5.636666666666666492e-01
5.776666666666666616e-01
5.573333333333333472e-01
5.699999999999999512e-01
5.879999999999999671e-01
5.759999999999999565e-01
5.779999999999999583e-01
5.699999999999999512e-01
5.876666666666666705e-01
5.829999999999999627e-01
5.793333333333333668e-01
5.866666666666666696e-01
5.836666666666666670e-01
5.909999999999999698e-01
5.916666666666666741e-01
5.869999999999999662e-01
5.889999999999999680e-01
5.956666666666666776e-01
5.903333333333333766e-01
5.936666666666666758e-01
6.129999999999999893e-01
6.149999999999999911e-01
5.996666666666666812e-01
6.139999999999999902e-01
6.063333333333332797e-01
6.019999999999999796e-01
6.099999999999999867e-01
6.219999999999999973e-01
6.159999999999999920e-01
6.093333333333332824e-01
6.083333333333332815e-01
6.310000000000000053e-01
6.036666666666666847e-01
6.063333333333332797e-01
6.306666666666667087e-01
6.229999999999999982e-01
6.323333333333333028e-01
6.239999999999999991e-01
6.293333333333333002e-01
6.219999999999999973e-01
6.143333333333332869e-01
6.219999999999999973e-01
6.306666666666667087e-01
6.316666666666667096e-01
6.223333333333332940e-01
6.280000000000000027e-01
6.316666666666667096e-01
6.383333333333333082e-01
6.440000000000000169e-01
6.440000000000000169e-01
6.356666666666667131e-01
6.406666666666667176e-01
6.400000000000000133e-01
6.390000000000000124e-01
6.320000000000000062e-01
6.506666666666666154e-01
6.563333333333333242e-01
6.430000000000000160e-01
6.513333333333333197e-01
6.580000000000000293e-01
6.630000000000000338e-01
6.490000000000000213e-01
6.530000000000000249e-01
6.546666666666666190e-01
6.536666666666666181e-01
6.636666666666666270e-01
6.546666666666666190e-01
6.730000000000000426e-01
6.613333333333333286e-01
6.560000000000000275e-01
