0.000000000000000000e+00
0.000000000000000000e+00
0.000000000000000000e+00
0.000000000000000000e+00
0.000000000000000000e+00
0.000000000000000000e+00
0.000000000000000000e+00
0.000000000000000000e+00
0.000000000000000000e+00
0.000000000000000000e+00
0.000000000000000000e+00
0.000000000000000000e+00
0.000000000000000000e+00
0.000000000000000000e+00
6.666666666666666444e-04
0.000000000000000000e+00
0.000000000000000000e+00
3.333333333333333222e-04
1.000000000000000021e-03
6.666666666666666444e-04
3.333333333333333222e-04
3.333333333333333222e-04
1.000000000000000021e-03
0.000000000000000000e+00
0.000000000000000000e+00
1.666666666666666774e-03
1.666666666666666774e-03
1.333333333333333289e-03
3.666666666666666598e-03
1.666666666666666774e-03
1.666666666666666774e-03
2.000000000000000042e-03
2.000000000000000042e-03
4.333333333333333134e-03
3.333333333333333547e-03
2.666666666666666578e-03
4.666666666666667053e-03
3.333333333333333547e-03
2.333333333333333526e-03
2.666666666666666578e-03
5.000000000000000104e-03
5.666666666666667074e-03
5.666666666666667074e-03
5.333333333333333155e-03
4.333333333333333134e-03
8.333333333333333218e-03
5.666666666666667074e-03
8.999999999999999320e-03
7.000000000000000146e-03
1.099999999999999936e-02
7.666666666666666248e-03
1.366666666666666724e-02
8.666666666666666269e-03
1.066666666666666631e-02
1.166666666666666720e-02
1.266666666666666635e-02
1.066666666666666631e-02
1.233333333333333330e-02
1.433333333333333334e-02
1.266666666666666635e-02
1.433333333333333334e-02
1.400000000000000029e-02
1.966666666666666563e-02
1.666666666666666644e-02
1.600000000000000033e-02
1.766666666666666732e-02
1.666666666666666644e-02
1.233333333333333330e-02
1.766666666666666732e-02
1.666666666666666644e-02
2.033333333333333173e-02
1.933333333333333431e-02
2.199999999999999872e-02
2.000000000000000042e-02
2.233333333333333351e-02
2.233333333333333351e-02
2.233333333333333351e-02
2.666666666666666838e-02
2.433333333333333182e-02
2.566666666666666749e-02
2.766666666666666580e-02
2.533333333333333270e-02
2.833333333333333190e-02
3.066666666666666499e-02
2.599999999999999881e-02
3.166666666666666935e-02
3.233333333333333198e-02
3.166666666666666935e-02
3.366666666666666419e-02
3.966666666666666952e-02
3.200000000000000067e-02
3.200000000000000067e-02
3.433333333333333376e-02
3.833333333333333037e-02
3.966666666666666952e-02
3.433333333333333376e-02
4.100000000000000172e-02
4.066666666666666347e-02
3.566666666666666596e-02
4.066666666666666347e-02
4.299999999999999656e-02
4.133333333333333304e-02
4.233333333333333393e-02
5.166666666666666630e-02
4.299999999999999656e-02
4.399999999999999745e-02
4.866666666666666363e-02
3.866666666666666863e-02
5.399999999999999939e-02
4.566666666666666791e-02
5.600000000000000117e-02
4.700000000000000011e-02
4.800000000000000100e-02
5.533333333333333159e-02
4.933333333333333320e-02
5.533333333333333159e-02
5.233333333333333587e-02
5.533333333333333159e-02
5.666666666666666380e-02
5.700000000000000205e-02
6.166666666666666824e-02
5.466666666666666896e-02
5.433333333333333071e-02
5.966666666666666646e-02
6.600000000000000311e-02
6.333333333333333870e-02
5.833333333333333426e-02
6.933333333333333015e-02
6.966666666666666841e-02
6.900000000000000577e-02
6.433333333333333959e-02
6.433333333333333959e-02
6.933333333333333015e-02
7.633333333333333637e-02
7.699999999999999900e-02
7.233333333333333282e-02
6.900000000000000577e-02
7.266666666666667107e-02
7.633333333333333637e-02
7.233333333333333282e-02
6.633333333333332749e-02
8.466666666666666785e-02
7.333333333333333370e-02
7.499999999999999722e-02
7.499999999999999722e-02
7.966666666666666341e-02
7.699999999999999900e-02
8.066666666666666430e-02
8.666666666666666963e-02
7.799999999999999989e-02
8.300000000000000433e-02
8.166666666666666519e-02
8.333333333333332871e-02
7.766666666666666163e-02
9.666666666666666463e-02
8.433333333333332960e-02
8.966666666666667229e-02
9.166666666666666019e-02
8.799999999999999489e-02
9.400000000000000022e-02
9.266666666666666108e-02
8.633333333333333137e-02
8.200000000000000344e-02
9.299999999999999933e-02
9.333333333333333759e-02
1.063333333333333353e-01
9.666666666666666463e-02
9.533333333333333937e-02
1.023333333333333317e-01
9.900000000000000466e-02
9.366666666666666197e-02
9.500000000000000111e-02
1.033333333333333326e-01
9.966666666666666730e-02
1.036666666666666708e-01
1.179999999999999938e-01
1.043333333333333335e-01
1.100000000000000006e-01
1.086666666666666614e-01
1.029999999999999943e-01
1.023333333333333317e-01
1.013333333333333308e-01
1.023333333333333317e-01
1.056666666666666726e-01
1.209999999999999964e-01
1.156666666666666676e-01
1.216666666666666730e-01
1.179999999999999938e-01
1.179999999999999938e-01
1.079999999999999988e-01
1.170000000000000068e-01
1.186666666666666703e-01
1.110000000000000014e-01
1.293333333333333279e-01
1.209999999999999964e-01
1.239999999999999991e-01
1.263333333333333253e-01
1.223333333333333356e-01
1.113333333333333397e-01
1.216666666666666730e-01
1.163333333333333303e-01
1.270000000000000018e-01
1.303333333333333288e-01
1.306666666666666532e-01
1.280000000000000027e-01
1.150000000000000050e-01
1.219999999999999973e-01
1.426666666666666639e-01
1.313333333333333297e-01
1.340000000000000080e-01
1.286666666666666792e-01
1.390000000000000124e-01
1.326666666666666550e-01
1.476666666666666683e-01
1.313333333333333297e-01
1.419999999999999873e-01
1.393333333333333368e-01
1.380000000000000115e-01
1.413333333333333386e-01
1.433333333333333404e-01
1.390000000000000124e-01
1.449999999999999900e-01
1.390000000000000124e-01
1.426666666666666639e-01
1.546666666666666745e-01
1.409999999999999865e-01
1.346666666666666567e-01
1.509999999999999953e-01
1.606666666666666798e-01
1.456666666666666665e-01
1.580000000000000016e-01
1.620000000000000051e-01
1.526666666666666727e-01
1.476666666666666683e-01
1.513333333333333197e-01
1.576666666666666772e-01
1.539999999999999980e-01
1.499999999999999944e-01
1.509999999999999953e-01
1.670000000000000095e-01
1.573333333333333250e-01
1.636666666666666548e-01
1.483333333333333448e-01
1.630000000000000060e-01
1.733333333333333393e-01
1.499999999999999944e-01
1.710000000000000131e-01
1.559999999999999998e-01
1.723333333333333384e-01
1.663333333333333330e-01
1.666666666666666574e-01
1.743333333333333401e-01
1.693333333333333357e-01
1.693333333333333357e-01
1.729999999999999871e-01
1.573333333333333250e-01
1.640000000000000069e-01
1.826666666666666716e-01
1.726666666666666627e-01
1.616666666666666530e-01
1.663333333333333330e-01
1.710000000000000131e-01
1.763333333333333419e-01
1.640000000000000069e-01
1.749999999999999889e-01
1.859999999999999987e-01
1.749999999999999889e-01
1.759999999999999898e-01
1.663333333333333330e-01
1.893333333333333257e-01
1.786666666666666681e-01
1.793333333333333446e-01
1.789999999999999925e-01
1.796666666666666690e-01
2.026666666666666616e-01
1.950000000000000067e-01
1.846666666666666734e-01
1.953333333333333310e-01
1.853333333333333222e-01
1.829999999999999960e-01
1.863333333333333230e-01
1.946666666666666545e-01
1.880000000000000004e-01
1.950000000000000067e-01
1.836666666666666725e-01
1.890000000000000013e-01
1.993333333333333346e-01
1.943333333333333302e-01
1.946666666666666545e-01
1.973333333333333328e-01
2.116666666666666696e-01
2.056666666666666643e-01
2.010000000000000120e-01
2.079999999999999905e-01
1.976666666666666572e-01
2.033333333333333381e-01
1.996666666666666590e-01
2.059999999999999887e-01
1.886666666666666770e-01
