0.000000000000000000e+00
0.000000000000000000e+00
0.000000000000000000e+00
0.000000000000000000e+00
0.000000000000000000e+00
0.000000000000000000e+00
0.000000000000000000e+00
0.000000000000000000e+00
0.000000000000000000e+00
0.000000000000000000e+00
0.000000000000000000e+00
0.000000000000000000e+00
0.000000000000000000e+00
0.000000000000000000e+00
0.000000000000000000e+00
0.000000000000000000e+00
0.000000000000000000e+00
0.000000000000000000e+00
0.000000000000000000e+00
0.000000000000000000e+00
0.000000000000000000e+00
0.000000000000000000e+00
0.000000000000000000e+00
0.000000000000000000e+00
0.000000000000000000e+00
0.000000000000000000e+00
0.000000000000000000e+00
0.000000000000000000e+00
0.000000000000000000e+00
0.000000000000000000e+00
0.000000000000000000e+00
0.000000000000000000e+00
0.000000000000000000e+00
0.000000000000000000e+00
0.000000000000000000e+00
0.000000000000000000e+00
0.000000000000000000e+00
0.000000000000000000e+00
0.000000000000000000e+00
0.000000000000000000e+00
0.000000000000000000e+00
0.000000000000000000e+00
0.000000000000000000e+00
0.000000000000000000e+00
0.000000000000000000e+00
0.000000000000000000e+00
0.000000000000000000e+00
0.000000000000000000e+00
0.000000000000000000e+00
0.000000000000000000e+00
0.000000000000000000e+00
0.000000000000000000e+00
0.000000000000000000e+00
0.000000000000000000e+00
0.000000000000000000e+00
0.000000000000000000e+00
0.000000000000000000e+00
0.000000000000000000e+00
0.000000000000000000e+00
0.000000000000000000e+00
0.000000000000000000e+00
0.000000000000000000e+00
0.000000000000000000e+00
0.000000000000000000e+00
0.000000000000000000e+00
0.000000000000000000e+00
0.000000000000000000e+00
0.000000000000000000e+00
0.000000000000000000e+00
0.000000000000000000e+00
0.000000000000000000e+00
0.000000000000000000e+00
0.000000000000000000e+00
0.000000000000000000e+00
0.000000000000000000e+00
0.000000000000000000e+00
0.000000000000000000e+00
0.000000000000000000e+00
0.000000000000000000e+00
0.000000000000000000e+00
0.000000000000000000e+00
0.000000000000000000e+00
0.000000000000000000e+00
0.000000000000000000e+00
0.000000000000000000e+00
0.000000000000000000e+00
0.000000000000000000e+00
0.000000000000000000e+00
0.000000000000000000e+00
0.000000000000000000e+00
0.000000000000000000e+00
0.000000000000000000e+00
0.000000000000000000e+00
6.666666666666666444e-04
3.333333333333333222e-04
6.666666666666666444e-04
1.333333333333333289e-03
3.666666666666666598e-03
3.333333333333333547e-03
8.666666666666666269e-03
9.666666666666667157e-03
1.266666666666666635e-02
1.600000000000000033e-02
2.433333333333333182e-02
3.200000000000000067e-02
3.233333333333333198e-02
3.633333333333333554e-02
4.399999999999999745e-02
6.066666666666666735e-02
5.500000000000000028e-02
6.166666666666666824e-02
7.099999999999999367e-02
6.500000000000000222e-02
7.599999999999999811e-02
7.099999999999999367e-02
8.466666666666666785e-02
9.266666666666666108e-02
9.299999999999999933e-02
8.899999999999999578e-02
1.063333333333333353e-01
1.033333333333333326e-01
1.153333333333333294e-01
1.093333333333333379e-01
1.209999999999999964e-01
1.216666666666666730e-01
1.166666666666666685e-01
1.203333333333333338e-01
1.280000000000000027e-01
1.236666666666666609e-01
1.283333333333333270e-01
1.396666666666666612e-01
1.489999999999999936e-01
1.436666666666666647e-01
1.509999999999999953e-01
1.469999999999999918e-01
1.670000000000000095e-01
1.636666666666666548e-01
1.670000000000000095e-01
1.700000000000000122e-01
1.796666666666666690e-01
1.746666666666666645e-01
1.826666666666666716e-01
1.739999999999999880e-01
1.906666666666666787e-01
1.906666666666666787e-01
1.996666666666666590e-01
1.956666666666666554e-01
2.000000000000000111e-01
2.026666666666666616e-01
2.193333333333333246e-01
2.083333333333333426e-01
2.190000000000000002e-01
2.020000000000000129e-01
2.253333333333333299e-01
2.300000000000000100e-01
2.306666666666666587e-01
2.483333333333333226e-01
2.416666666666666685e-01
2.216666666666666785e-01
2.389999999999999902e-01
2.340000000000000135e-01
2.333333333333333370e-01
2.513333333333333530e-01
2.513333333333333530e-01
2.683333333333333126e-01
2.626666666666666594e-01
2.583333333333333592e-01
2.656666666666666621e-01
2.583333333333333592e-01
2.690000000000000169e-01
2.616666666666666585e-01
2.643333333333333091e-01
2.703333333333333144e-01
2.786666666666666736e-01
2.573333333333333584e-01
2.863333333333333286e-01
2.760000000000000231e-01
2.849999999999999756e-01
2.933333333333333348e-01
2.836666666666666781e-01
2.816666666666666763e-01
3.023333333333333428e-01
3.140000000000000013e-01
2.993333333333333401e-01
2.996666666666666923e-01
3.033333333333333437e-01
3.083333333333333481e-01
3.083333333333333481e-01
3.096666666666666456e-01
3.106666666666666465e-01
3.126666666666666483e-01
3.063333333333333464e-01
3.113333333333333508e-01
3.230000000000000093e-01
3.253333333333333077e-01
3.340000000000000191e-01
3.280000000000000138e-01
3.233333333333333059e-01
3.303333333333333122e-01
3.360000000000000209e-01
3.493333333333333290e-01
3.489999999999999769e-01
3.356666666666666687e-01
3.466666666666666785e-01
3.516666666666666829e-01
3.466666666666666785e-01
3.536666666666666847e-01
3.569999999999999840e-01
3.449999999999999734e-01
3.503333333333333299e-01
3.606666666666666909e-01
3.516666666666666829e-01
3.589999999999999858e-01
3.709999999999999964e-01
3.733333333333333504e-01
3.649999999999999911e-01
3.663333333333333441e-01
3.770000000000000018e-01
3.719999999999999973e-01
3.603333333333333388e-01
3.559999999999999831e-01
3.926666666666666639e-01
3.753333333333333521e-01
3.813333333333333575e-01
3.766666666666666496e-01
3.950000000000000178e-01
3.953333333333333144e-01
3.820000000000000062e-01
3.996666666666666701e-01
3.883333333333333082e-01
3.923333333333333117e-01
3.980000000000000204e-01
3.950000000000000178e-01
3.980000000000000204e-01
3.830000000000000071e-01
3.836666666666666559e-01
3.906666666666666621e-01
4.023333333333333206e-01
3.973333333333333162e-01
4.099999999999999756e-01
4.033333333333333215e-01
4.239999999999999880e-01
4.040000000000000258e-01
4.179999999999999827e-01
4.163333333333333330e-01
4.246666666666666923e-01
4.116666666666666807e-01
4.213333333333333375e-01
4.266666666666666941e-01
4.083333333333333259e-01
4.253333333333333410e-01
4.336666666666666448e-01
4.263333333333333419e-01
4.289999999999999925e-01
4.349999999999999978e-01
4.363333333333333508e-01
4.373333333333333517e-01
4.453333333333333588e-01
4.376666666666666483e-01
4.490000000000000102e-01
4.243333333333333401e-01
4.473333333333333606e-01
4.369999999999999996e-01
4.426666666666666528e-01
4.380000000000000004e-01
4.460000000000000075e-01
4.410000000000000031e-01
4.563333333333333131e-01
4.516666666666666607e-01
4.680000000000000271e-01
4.426666666666666528e-01
4.453333333333333588e-01
4.593333333333333157e-01
4.573333333333333139e-01
4.633333333333333193e-01
4.646666666666666723e-01
4.726666666666666794e-01
4.593333333333333157e-01
4.743333333333333290e-01
4.773333333333333317e-01
4.799999999999999822e-01
4.703333333333333255e-01
4.776666666666666838e-01
4.816666666666666874e-01
4.736666666666666803e-01
4.753333333333333299e-01
4.859999999999999876e-01
4.650000000000000244e-01
4.876666666666666927e-01
4.693333333333333246e-01
4.666666666666666741e-01
4.886666666666666936e-01
4.943333333333333468e-01
4.716666666666666785e-01
4.859999999999999876e-01
4.753333333333333299e-01
4.856666666666666909e-01
4.706666666666666776e-01
4.903333333333333433e-01
