0.000000000000000000e+00
0.000000000000000000e+00
0.000000000000000000e+00
0.000000000000000000e+00
0.000000000000000000e+00
0.000000000000000000e+00
0.000000000000000000e+00
0.000000000000000000e+00
0.000000000000000000e+00
0.000000000000000000e+00
0.000000000000000000e+00
0.000000000000000000e+00
0.000000000000000000e+00
0.000000000000000000e+00
0.000000000000000000e+00
0.000000000000000000e+00
0.000000000000000000e+00
0.000000000000000000e+00
0.000000000000000000e+00
0.000000000000000000e+00
0.000000000000000000e+00
0.000000000000000000e+00
0.000000000000000000e+00
0.000000000000000000e+00
0.000000000000000000e+00
0.000000000000000000e+00
0.000000000000000000e+00
0.000000000000000000e+00
0.000000000000000000e+00
0.000000000000000000e+00
0.000000000000000000e+00
0.000000000000000000e+00
0.000000000000000000e+00
0.000000000000000000e+00
0.000000000000000000e+00
0.000000000000000000e+00
0.000000000000000000e+00
0.000000000000000000e+00
0.000000000000000000e+00
0.000000000000000000e+00
0.000000000000000000e+00
0.000000000000000000e+00
0.000000000000000000e+00
0.000000000000000000e+00
0.000000000000000000e+00
0.000000000000000000e+00
0.000000000000000000e+00
0.000000000000000000e+00
0.000000000000000000e+00
0.000000000000000000e+00
0.000000000000000000e+00
0.000000000000000000e+00
0.000000000000000000e+00
0.000000000000000000e+00
0.000000000000000000e+00
0.000000000000000000e+00
0.000000000000000000e+00
0.000000000000000000e+00
0.000000000000000000e+00
0.000000000000000000e+00
0.000000000000000000e+00
0.000000000000000000e+00
0.000000000000000000e+00
0.000000000000000000e+00
0.000000000000000000e+00
0.000000000000000000e+00
0.000000000000000000e+00
0.000000000000000000e+00
0.000000000000000000e+00
0.000000000000000000e+00
0.000000000000000000e+00
0.000000000000000000e+00
0.000000000000000000e+00
0.000000000000000000e+00
0.000000000000000000e+00
0.000000000000000000e+00
0.000000000000000000e+00
0.000000000000000000e+00
0.000000000000000000e+00
0.000000000000000000e+00
0.000000000000000000e+00
0.000000000000000000e+00
0.000000000000000000e+00
0.000000000000000000e+00
0.000000000000000000e+00
0.000000000000000000e+00
0.000000000000000000e+00
0.000000000000000000e+00
0.000000000000000000e+00
0.000000000000000000e+00
1.000000000000000021e-03
6.666666666666666444e-04
1.333333333333333289e-03
0.000000000000000000e+00
3.333333333333333222e-04
1.666666666666666774e-03
1.000000000000000021e-03
6.666666666666666444e-04
5.333333333333333155e-03
5.333333333333333155e-03
6.666666666666667095e-03
3.666666666666666598e-03
6.333333333333333176e-03
6.666666666666667095e-03
1.000000000000000021e-02
9.333333333333334106e-03
1.233333333333333330e-02
1.266666666666666635e-02
9.666666666666667157e-03
1.499999999999999944e-02
1.733333333333333254e-02
1.533333333333333250e-02
1.533333333333333250e-02
2.000000000000000042e-02
2.166666666666666741e-02
2.333333333333333440e-02
2.566666666666666749e-02
2.333333333333333440e-02
2.800000000000000058e-02
2.833333333333333190e-02
2.466666666666666660e-02
2.833333333333333190e-02
3.599999999999999728e-02
2.733333333333333448e-02
3.333333333333333287e-02
3.099999999999999978e-02
4.166666666666666435e-02
3.366666666666666419e-02
3.933333333333333126e-02
4.466666666666666702e-02
3.733333333333333642e-02
3.733333333333333642e-02
4.266666666666666524e-02
3.733333333333333642e-02
4.066666666666666347e-02
4.733333333333333143e-02
4.033333333333333215e-02
4.533333333333333659e-02
5.366666666666666807e-02
4.333333333333333481e-02
4.733333333333333143e-02
5.266666666666666718e-02
5.600000000000000117e-02
5.133333333333333498e-02
5.333333333333333676e-02
5.566666666666666985e-02
5.800000000000000294e-02
5.099999999999999672e-02
5.266666666666666718e-02
5.500000000000000028e-02
5.666666666666666380e-02
6.566666666666666485e-02
6.166666666666666824e-02
5.766666666666666469e-02
5.999999999999999778e-02
5.966666666666666646e-02
6.766666666666666663e-02
6.766666666666666663e-02
6.966666666666666841e-02
7.166666666666667018e-02
6.400000000000000133e-02
6.300000000000000044e-02
7.733333333333333726e-02
7.933333333333333903e-02
7.333333333333333370e-02
8.066666666666666430e-02
8.233333333333332782e-02
7.233333333333333282e-02
7.933333333333333903e-02
7.766666666666666163e-02
8.366666666666666696e-02
7.566666666666665986e-02
8.266666666666666607e-02
7.566666666666665986e-02
7.799999999999999989e-02
7.333333333333333370e-02
8.666666666666666963e-02
9.133333333333333581e-02
1.003333333333333299e-01
9.400000000000000022e-02
8.633333333333333137e-02
9.800000000000000377e-02
8.799999999999999489e-02
9.099999999999999756e-02
9.433333333333333848e-02
9.066666666666667318e-02
9.099999999999999756e-02
1.013333333333333308e-01
9.199999999999999845e-02
9.700000000000000289e-02
9.733333333333332726e-02
9.633333333333334025e-02
9.733333333333332726e-02
8.833333333333333315e-02
9.266666666666666108e-02
1.000000000000000056e-01
1.069999999999999979e-01
9.633333333333334025e-02
9.900000000000000466e-02
1.029999999999999943e-01
1.120000000000000023e-01
1.106666666666666632e-01
1.116666666666666641e-01
9.533333333333333937e-02
1.126666666666666650e-01
1.036666666666666708e-01
1.063333333333333353e-01
1.079999999999999988e-01
1.036666666666666708e-01
1.056666666666666726e-01
1.053333333333333344e-01
1.103333333333333388e-01
1.153333333333333294e-01
1.113333333333333397e-01
1.206666666666666721e-01
1.196666666666666712e-01
1.123333333333333267e-01
1.083333333333333370e-01
1.110000000000000014e-01
1.173333333333333311e-01
1.243333333333333374e-01
1.213333333333333347e-01
1.223333333333333356e-01
1.199999999999999956e-01
1.170000000000000068e-01
1.183333333333333320e-01
1.189999999999999947e-01
1.246666666666666617e-01
1.173333333333333311e-01
1.346666666666666567e-01
1.243333333333333374e-01
1.233333333333333365e-01
1.270000000000000018e-01
1.286666666666666792e-01
1.340000000000000080e-01
1.250000000000000000e-01
1.266666666666666774e-01
1.219999999999999973e-01
1.246666666666666617e-01
1.199999999999999956e-01
1.283333333333333270e-01
1.326666666666666550e-01
1.360000000000000098e-01
1.320000000000000062e-01
1.340000000000000080e-01
1.433333333333333404e-01
1.316666666666666541e-01
1.300000000000000044e-01
1.370000000000000107e-01
1.473333333333333439e-01
1.416666666666666630e-01
1.266666666666666774e-01
1.396666666666666612e-01
1.413333333333333386e-01
1.516666666666666718e-01
1.459999999999999909e-01
1.253333333333333244e-01
1.360000000000000098e-01
1.576666666666666772e-01
1.429999999999999882e-01
1.429999999999999882e-01
1.423333333333333395e-01
1.483333333333333448e-01
1.653333333333333321e-01
1.536666666666666736e-01
1.533333333333333215e-01
1.433333333333333404e-01
1.539999999999999980e-01
1.419999999999999873e-01
1.519999999999999962e-01
1.546666666666666745e-01
1.463333333333333430e-01
1.576666666666666772e-01
1.563333333333333242e-01
1.529999999999999971e-01
1.499999999999999944e-01
1.466666666666666674e-01
1.606666666666666798e-01
1.516666666666666718e-01
1.643333333333333313e-01
1.506666666666666710e-01
1.423333333333333395e-01
1.463333333333333430e-01
1.593333333333333268e-01
1.533333333333333215e-01
1.549999999999999989e-01
1.573333333333333250e-01
1.469999999999999918e-01
1.553333333333333233e-01
1.630000000000000060e-01
1.486666666666666692e-01
1.753333333333333410e-01
1.653333333333333321e-01
1.606666666666666798e-01
1.640000000000000069e-01
1.693333333333333357e-01
1.696666666666666601e-01
1.620000000000000051e-01
1.666666666666666574e-01
